[  INFO  ] Output logging (with `diary'): results/model1_LPV4D-output-0414122216_id2360.txt
 
┌ model1_LPV4D
│   Run ID = 2360
│    
│   ┌ method4_authors_old_symbolical called from model1_LPV4D:139
│   │    
│   │   ┌ method4_authors_old_symbolical:19 - model generation
│   │   │    
│   │   │   ┌ P_LFR_reduction called from method4_authors_old_symbolical:44
│   │   │   │    
│   │   │   │   ┌ P_lfrdata called from P_LFR_reduction:95
│   │   │   │   └ 0.066119 [sec]
│   │   │   │    
│   │   │   │   - Redundant LFR model (dim: 16) (symbolic computations). Elapsed time is 0.089375
│   │   │   │    
│   │   │   │   ┌ P_Pi_canonical_decomp called from P_LFR_reduction:131
│   │   │   │   └ 0.49771 [sec]
│   │   │   │    
│   │   │   │   ┌ pcz_symeq_report:14 (pcz_symzero_report) - Equation of the permuted model should be the same
│   │   │   │   │   [  INFO  ] Tolerance: 1e-10.
│   │   │   │   │   [  INFO  ] Maximal difference: 0
│   │   │   │   │   ----------------------------------------------------
│   │   │   │   │   [   OK   ] Equation of the permuted model should be the same
│   │   │   │   └ 0.015521 [sec]
│   │   │   │    
│   │   │   │   ┌ pcz_symeq_report:14 (pcz_symzero_report) - Pi [dim: 20] = S * (reduced Pi [dim: 17.
│   │   │   │   │   [  INFO  ] Tolerance: 1e-10.
│   │   │   │   │   [  INFO  ] Maximal difference: 0
│   │   │   │   │   ----------------------------------------------------
│   │   │   │   │   [   OK   ] Pi [dim: 20] = S * (reduced Pi [dim: 17.
│   │   │   │   └ 0.011088 [sec]
│   │   │   │    
│   │   │   │   ┌ pcz_symeq_report:14 (pcz_symzero_report) - Equation of the reduced model should be the same
│   │   │   │   │   [  INFO  ] Tolerance: 1e-05.
│   │   │   │   │   [  INFO  ] Maximal difference: 0
│   │   │   │   │   ----------------------------------------------------
│   │   │   │   │   [   OK   ] Equation of the reduced model should be the same
│   │   │   │   └ 0.010178 [sec]
│   │   │   │    
│   │   │   └ 1.7477 [sec]
│   │   │    
│   │   │   ┌ P_LFR_reduction called from method4_authors_old_symbolical:45
│   │   │   │    
│   │   │   │   ┌ P_lfrdata called from P_LFR_reduction:95
│   │   │   │   └ 0.032021 [sec]
│   │   │   │    
│   │   │   │   - Redundant LFR model (dim: 4) (symbolic computations). Elapsed time is 0.021839
│   │   │   │    
│   │   │   │   ┌ P_Pi_canonical_decomp called from P_LFR_reduction:131
│   │   │   │   └ 0.15253 [sec]
│   │   │   │    
│   │   │   │   ┌ pcz_symeq_report:14 (pcz_symzero_report) - Equation of the permuted model should be the same
│   │   │   │   │   [  INFO  ] Tolerance: 1e-10.
│   │   │   │   │   [  INFO  ] Maximal difference: 0
│   │   │   │   │   ----------------------------------------------------
│   │   │   │   │   [   OK   ] Equation of the permuted model should be the same
│   │   │   │   └ 0.01065 [sec]
│   │   │   │    
│   │   │   │   ┌ pcz_symeq_report:14 (pcz_symzero_report) - Pi [dim: 6] = S * (reduced Pi [dim: 5.
│   │   │   │   │   [  INFO  ] Tolerance: 1e-10.
│   │   │   │   │   [  INFO  ] Maximal difference: 0
│   │   │   │   │   ----------------------------------------------------
│   │   │   │   │   [   OK   ] Pi [dim: 6] = S * (reduced Pi [dim: 5.
│   │   │   │   └ 0.001944 [sec]
│   │   │   │    
│   │   │   │   ┌ pcz_symeq_report:14 (pcz_symzero_report) - Equation of the reduced model should be the same
│   │   │   │   │   [  INFO  ] Tolerance: 1e-05.
│   │   │   │   │   [  INFO  ] Maximal difference: 0
│   │   │   │   │   ----------------------------------------------------
│   │   │   │   │   [   OK   ] Equation of the reduced model should be the same
│   │   │   │   └ 0.009971 [sec]
│   │   │   │    
│   │   │   └ 0.95042 [sec]
│   │   │    
│   │   │   ┌ P_affine_annihilator called from method4_authors_old_symbolical:114
│   │   │   │    
│   │   │   │   ┌ P_affine_annihilator:94 (pcz_fhzero_report) - Numerical check. 
│   │   │   │   │   [  INFO  ] Tolerance: 1e-10.
│   │   │   │   │   - Maximal difference: 1.31515e-15
│   │   │   │   │   ----------------------------------------------------
│   │   │   │   │   [   OK   ] Numerical check. 
│   │   │   │   └ 0.21544 [sec]
│   │   │   └ 1.154 [sec]
│   │   │    
│   │   │   ┌ P_affine_annihilator called from method4_authors_old_symbolical:117
│   │   │   │    
│   │   │   │   ┌ P_affine_annihilator:94 (pcz_fhzero_report) - Numerical check. 
│   │   │   │   │   [  INFO  ] Tolerance: 1e-10.
│   │   │   │   │   - Maximal difference: 2.89552e-15
│   │   │   │   │   ----------------------------------------------------
│   │   │   │   │   [   OK   ] Numerical check. 
│   │   │   │   └ 0.33516 [sec]
│   │   │   └ 37.8693 [sec]
│   │   └ 44.3253 [sec]
│   │   - nr. of variables: 6663
│   │    
│   │   ┌ method4_authors_old_symbolical:171 - Solve LMIs
│   │   │   [ FAILED ] Unknown problem in solver (Turn on 'debug' in sdpsettings) (Out of memory. Type "help memory" for your options.). Solver time: NaN
│   │   │   [  WARN  ] The solution is feasible. Tolerance: 1e-06.
│   │   │    
│   │   │   - Gamma = NaN 
│   │   │   - size(N)  =  15, size(PI)   =  17
│   │   │   - size(Na) =  95, size(PI_a) =  61
│   │   │   - 
│   │   │    
│   │   │   Q0 =  = [        NaN     NaN     NaN     NaN     NaN     NaN     NaN     NaN     NaN     NaN     NaN     NaN     NaN     NaN     NaN     NaN     NaN
│   │   │                    NaN     NaN     NaN     NaN     NaN     NaN     NaN     NaN     NaN     NaN     NaN     NaN     NaN     NaN     NaN     NaN     NaN
│   │   │                    NaN     NaN     NaN     NaN     NaN     NaN     NaN     NaN     NaN     NaN     NaN     NaN     NaN     NaN     NaN     NaN     NaN
│   │   │                    NaN     NaN     NaN     NaN     NaN     NaN     NaN     NaN     NaN     NaN     NaN     NaN     NaN     NaN     NaN     NaN     NaN
│   │   │                    NaN     NaN     NaN     NaN     NaN     NaN     NaN     NaN     NaN     NaN     NaN     NaN     NaN     NaN     NaN     NaN     NaN
│   │   │                    NaN     NaN     NaN     NaN     NaN     NaN     NaN     NaN     NaN     NaN     NaN     NaN     NaN     NaN     NaN     NaN     NaN
│   │   │                    NaN     NaN     NaN     NaN     NaN     NaN     NaN     NaN     NaN     NaN     NaN     NaN     NaN     NaN     NaN     NaN     NaN
│   │   │                    NaN     NaN     NaN     NaN     NaN     NaN     NaN     NaN     NaN     NaN     NaN     NaN     NaN     NaN     NaN     NaN     NaN
│   │   │                    NaN     NaN     NaN     NaN     NaN     NaN     NaN     NaN     NaN     NaN     NaN     NaN     NaN     NaN     NaN     NaN     NaN
│   │   │                    NaN     NaN     NaN     NaN     NaN     NaN     NaN     NaN     NaN     NaN     NaN     NaN     NaN     NaN     NaN     NaN     NaN
│   │   │                    NaN     NaN     NaN     NaN     NaN     NaN     NaN     NaN     NaN     NaN     NaN     NaN     NaN     NaN     NaN     NaN     NaN
│   │   │                    NaN     NaN     NaN     NaN     NaN     NaN     NaN     NaN     NaN     NaN     NaN     NaN     NaN     NaN     NaN     NaN     NaN
│   │   │                    NaN     NaN     NaN     NaN     NaN     NaN     NaN     NaN     NaN     NaN     NaN     NaN     NaN     NaN     NaN     NaN     NaN
│   │   │                    NaN     NaN     NaN     NaN     NaN     NaN     NaN     NaN     NaN     NaN     NaN     NaN     NaN     NaN     NaN     NaN     NaN
│   │   │                    NaN     NaN     NaN     NaN     NaN     NaN     NaN     NaN     NaN     NaN     NaN     NaN     NaN     NaN     NaN     NaN     NaN
│   │   │                    NaN     NaN     NaN     NaN     NaN     NaN     NaN     NaN     NaN     NaN     NaN     NaN     NaN     NaN     NaN     NaN     NaN
│   │   │                    NaN     NaN     NaN     NaN     NaN     NaN     NaN     NaN     NaN     NaN     NaN     NaN     NaN     NaN     NaN     NaN     NaN ]
│   │   │   - method4_authors_old_symbolical:197
│   │   │   - model1_LPV4D:139
│   │   │    
│   │   │   Q1 =  = [        NaN     NaN     NaN     NaN     NaN     NaN     NaN     NaN     NaN     NaN     NaN     NaN     NaN     NaN     NaN     NaN     NaN
│   │   │                    NaN     NaN     NaN     NaN     NaN     NaN     NaN     NaN     NaN     NaN     NaN     NaN     NaN     NaN     NaN     NaN     NaN
│   │   │                    NaN     NaN     NaN     NaN     NaN     NaN     NaN     NaN     NaN     NaN     NaN     NaN     NaN     NaN     NaN     NaN     NaN
│   │   │                    NaN     NaN     NaN     NaN     NaN     NaN     NaN     NaN     NaN     NaN     NaN     NaN     NaN     NaN     NaN     NaN     NaN
│   │   │                    NaN     NaN     NaN     NaN     NaN     NaN     NaN     NaN     NaN     NaN     NaN     NaN     NaN     NaN     NaN     NaN     NaN
│   │   │                    NaN     NaN     NaN     NaN     NaN     NaN     NaN     NaN     NaN     NaN     NaN     NaN     NaN     NaN     NaN     NaN     NaN
│   │   │                    NaN     NaN     NaN     NaN     NaN     NaN     NaN     NaN     NaN     NaN     NaN     NaN     NaN     NaN     NaN     NaN     NaN
│   │   │                    NaN     NaN     NaN     NaN     NaN     NaN     NaN     NaN     NaN     NaN     NaN     NaN     NaN     NaN     NaN     NaN     NaN
│   │   │                    NaN     NaN     NaN     NaN     NaN     NaN     NaN     NaN     NaN     NaN     NaN     NaN     NaN     NaN     NaN     NaN     NaN
│   │   │                    NaN     NaN     NaN     NaN     NaN     NaN     NaN     NaN     NaN     NaN     NaN     NaN     NaN     NaN     NaN     NaN     NaN
│   │   │                    NaN     NaN     NaN     NaN     NaN     NaN     NaN     NaN     NaN     NaN     NaN     NaN     NaN     NaN     NaN     NaN     NaN
│   │   │                    NaN     NaN     NaN     NaN     NaN     NaN     NaN     NaN     NaN     NaN     NaN     NaN     NaN     NaN     NaN     NaN     NaN
│   │   │                    NaN     NaN     NaN     NaN     NaN     NaN     NaN     NaN     NaN     NaN     NaN     NaN     NaN     NaN     NaN     NaN     NaN
│   │   │                    NaN     NaN     NaN     NaN     NaN     NaN     NaN     NaN     NaN     NaN     NaN     NaN     NaN     NaN     NaN     NaN     NaN
│   │   │                    NaN     NaN     NaN     NaN     NaN     NaN     NaN     NaN     NaN     NaN     NaN     NaN     NaN     NaN     NaN     NaN     NaN
│   │   │                    NaN     NaN     NaN     NaN     NaN     NaN     NaN     NaN     NaN     NaN     NaN     NaN     NaN     NaN     NaN     NaN     NaN
│   │   │                    NaN     NaN     NaN     NaN     NaN     NaN     NaN     NaN     NaN     NaN     NaN     NaN     NaN     NaN     NaN     NaN     NaN ]
│   │   │   - method4_authors_old_symbolical:197
│   │   │   - model1_LPV4D:139
│   │   │    
│   │   │   Q2 =  = [        NaN     NaN     NaN     NaN     NaN     NaN     NaN     NaN     NaN     NaN     NaN     NaN     NaN     NaN     NaN     NaN     NaN
│   │   │                    NaN     NaN     NaN     NaN     NaN     NaN     NaN     NaN     NaN     NaN     NaN     NaN     NaN     NaN     NaN     NaN     NaN
│   │   │                    NaN     NaN     NaN     NaN     NaN     NaN     NaN     NaN     NaN     NaN     NaN     NaN     NaN     NaN     NaN     NaN     NaN
│   │   │                    NaN     NaN     NaN     NaN     NaN     NaN     NaN     NaN     NaN     NaN     NaN     NaN     NaN     NaN     NaN     NaN     NaN
│   │   │                    NaN     NaN     NaN     NaN     NaN     NaN     NaN     NaN     NaN     NaN     NaN     NaN     NaN     NaN     NaN     NaN     NaN
│   │   │                    NaN     NaN     NaN     NaN     NaN     NaN     NaN     NaN     NaN     NaN     NaN     NaN     NaN     NaN     NaN     NaN     NaN
│   │   │                    NaN     NaN     NaN     NaN     NaN     NaN     NaN     NaN     NaN     NaN     NaN     NaN     NaN     NaN     NaN     NaN     NaN
│   │   │                    NaN     NaN     NaN     NaN     NaN     NaN     NaN     NaN     NaN     NaN     NaN     NaN     NaN     NaN     NaN     NaN     NaN
│   │   │                    NaN     NaN     NaN     NaN     NaN     NaN     NaN     NaN     NaN     NaN     NaN     NaN     NaN     NaN     NaN     NaN     NaN
│   │   │                    NaN     NaN     NaN     NaN     NaN     NaN     NaN     NaN     NaN     NaN     NaN     NaN     NaN     NaN     NaN     NaN     NaN
│   │   │                    NaN     NaN     NaN     NaN     NaN     NaN     NaN     NaN     NaN     NaN     NaN     NaN     NaN     NaN     NaN     NaN     NaN
│   │   │                    NaN     NaN     NaN     NaN     NaN     NaN     NaN     NaN     NaN     NaN     NaN     NaN     NaN     NaN     NaN     NaN     NaN
│   │   │                    NaN     NaN     NaN     NaN     NaN     NaN     NaN     NaN     NaN     NaN     NaN     NaN     NaN     NaN     NaN     NaN     NaN
│   │   │                    NaN     NaN     NaN     NaN     NaN     NaN     NaN     NaN     NaN     NaN     NaN     NaN     NaN     NaN     NaN     NaN     NaN
│   │   │                    NaN     NaN     NaN     NaN     NaN     NaN     NaN     NaN     NaN     NaN     NaN     NaN     NaN     NaN     NaN     NaN     NaN
│   │   │                    NaN     NaN     NaN     NaN     NaN     NaN     NaN     NaN     NaN     NaN     NaN     NaN     NaN     NaN     NaN     NaN     NaN
│   │   │                    NaN     NaN     NaN     NaN     NaN     NaN     NaN     NaN     NaN     NaN     NaN     NaN     NaN     NaN     NaN     NaN     NaN ]
│   │   │   - method4_authors_old_symbolical:197
│   │   │   - model1_LPV4D:139
│   │   │    
│   │   │   Q3 =  = [        NaN     NaN     NaN     NaN     NaN     NaN     NaN     NaN     NaN     NaN     NaN     NaN     NaN     NaN     NaN     NaN     NaN
│   │   │                    NaN     NaN     NaN     NaN     NaN     NaN     NaN     NaN     NaN     NaN     NaN     NaN     NaN     NaN     NaN     NaN     NaN
│   │   │                    NaN     NaN     NaN     NaN     NaN     NaN     NaN     NaN     NaN     NaN     NaN     NaN     NaN     NaN     NaN     NaN     NaN
│   │   │                    NaN     NaN     NaN     NaN     NaN     NaN     NaN     NaN     NaN     NaN     NaN     NaN     NaN     NaN     NaN     NaN     NaN
│   │   │                    NaN     NaN     NaN     NaN     NaN     NaN     NaN     NaN     NaN     NaN     NaN     NaN     NaN     NaN     NaN     NaN     NaN
│   │   │                    NaN     NaN     NaN     NaN     NaN     NaN     NaN     NaN     NaN     NaN     NaN     NaN     NaN     NaN     NaN     NaN     NaN
│   │   │                    NaN     NaN     NaN     NaN     NaN     NaN     NaN     NaN     NaN     NaN     NaN     NaN     NaN     NaN     NaN     NaN     NaN
│   │   │                    NaN     NaN     NaN     NaN     NaN     NaN     NaN     NaN     NaN     NaN     NaN     NaN     NaN     NaN     NaN     NaN     NaN
│   │   │                    NaN     NaN     NaN     NaN     NaN     NaN     NaN     NaN     NaN     NaN     NaN     NaN     NaN     NaN     NaN     NaN     NaN
│   │   │                    NaN     NaN     NaN     NaN     NaN     NaN     NaN     NaN     NaN     NaN     NaN     NaN     NaN     NaN     NaN     NaN     NaN
│   │   │                    NaN     NaN     NaN     NaN     NaN     NaN     NaN     NaN     NaN     NaN     NaN     NaN     NaN     NaN     NaN     NaN     NaN
│   │   │                    NaN     NaN     NaN     NaN     NaN     NaN     NaN     NaN     NaN     NaN     NaN     NaN     NaN     NaN     NaN     NaN     NaN
│   │   │                    NaN     NaN     NaN     NaN     NaN     NaN     NaN     NaN     NaN     NaN     NaN     NaN     NaN     NaN     NaN     NaN     NaN
│   │   │                    NaN     NaN     NaN     NaN     NaN     NaN     NaN     NaN     NaN     NaN     NaN     NaN     NaN     NaN     NaN     NaN     NaN
│   │   │                    NaN     NaN     NaN     NaN     NaN     NaN     NaN     NaN     NaN     NaN     NaN     NaN     NaN     NaN     NaN     NaN     NaN
│   │   │                    NaN     NaN     NaN     NaN     NaN     NaN     NaN     NaN     NaN     NaN     NaN     NaN     NaN     NaN     NaN     NaN     NaN
│   │   │                    NaN     NaN     NaN     NaN     NaN     NaN     NaN     NaN     NaN     NaN     NaN     NaN     NaN     NaN     NaN     NaN     NaN ]
│   │   │   - method4_authors_old_symbolical:197
│   │   │   - model1_LPV4D:139
│   │   │    
│   │   │   p_lim = [      -1.000    2.000
│   │   │                  -1.000    2.000
│   │   │                   0.000    2.000 ]
│   │   │   - method4_authors_old_symbolical:200
│   │   │   - model1_LPV4D:139
│   │   │    
│   │   │   dp_lim = [     -17.783   17.783
│   │   │                   -1.778    1.778
│   │   │                   -8.891    8.891 ]
│   │   │   - method4_authors_old_symbolical:201
│   │   │   - model1_LPV4D:139
│   │   │   - Results stored in `results/Results_All.csv'
│   │   │              Model: 'model1_LPV4D_x1.77828'
│   │   │              Stamp: '2020.04.14. Tuesday 12:23:36 id:2360'
│   │   │              Lower: 0
│   │   │              Upper: NaN
│   │   │        Solver_Time: NaN
│   │   │       Overall_Time: 7.9105e+01
│   │   │        Solver_Info: 'Unknown problem in solver (Turn on 'debug' in sdpsettings) (Out of memory. Type "help memory" for your options.)'
│   │   │             Method: 'Polytopic a. with Finsler (old)'
│   │   │   
│   │   │   
│   │   └ 25.6139 [sec]
│   └ 80.2248 [sec]
│    
│   ┌ method4_authors_old_symbolical called from model1_LPV4D:139
│   │    
│   │   ┌ method4_authors_old_symbolical:19 - model generation
│   │   │    
│   │   │   ┌ P_LFR_reduction called from method4_authors_old_symbolical:44
│   │   │   │    
│   │   │   │   ┌ P_lfrdata called from P_LFR_reduction:95
│   │   │   │   └ 0.049014 [sec]
│   │   │   │    
│   │   │   │   - Redundant LFR model (dim: 16) (symbolic computations). Elapsed time is 0.032352
│   │   │   │    
│   │   │   │   ┌ P_Pi_canonical_decomp called from P_LFR_reduction:131
│   │   │   │   └ 0.45303 [sec]
│   │   │   │    
│   │   │   │   ┌ pcz_symeq_report:14 (pcz_symzero_report) - Equation of the permuted model should be the same
│   │   │   │   │   [  INFO  ] Tolerance: 1e-10.
│   │   │   │   │   [  INFO  ] Maximal difference: 0
│   │   │   │   │   ----------------------------------------------------
│   │   │   │   │   [   OK   ] Equation of the permuted model should be the same
│   │   │   │   └ 0.009807 [sec]
│   │   │   │    
│   │   │   │   ┌ pcz_symeq_report:14 (pcz_symzero_report) - Pi [dim: 20] = S * (reduced Pi [dim: 17.
│   │   │   │   │   [  INFO  ] Tolerance: 1e-10.
│   │   │   │   │   [  INFO  ] Maximal difference: 0
│   │   │   │   │   ----------------------------------------------------
│   │   │   │   │   [   OK   ] Pi [dim: 20] = S * (reduced Pi [dim: 17.
│   │   │   │   └ 0.009634 [sec]
│   │   │   │    
│   │   │   │   ┌ pcz_symeq_report:14 (pcz_symzero_report) - Equation of the reduced model should be the same
│   │   │   │   │   [  INFO  ] Tolerance: 1e-05.
│   │   │   │   │   [  INFO  ] Maximal difference: 0
│   │   │   │   │   ----------------------------------------------------
│   │   │   │   │   [   OK   ] Equation of the reduced model should be the same
│   │   │   │   └ 0.009135 [sec]
│   │   │   │    
│   │   │   └ 1.6814 [sec]
│   │   │    
│   │   │   ┌ P_LFR_reduction called from method4_authors_old_symbolical:45
│   │   │   │    
│   │   │   │   ┌ P_lfrdata called from P_LFR_reduction:95
│   │   │   │   └ 0.021404 [sec]
│   │   │   │    
│   │   │   │   - Redundant LFR model (dim: 4) (symbolic computations). Elapsed time is 0.015094
│   │   │   │    
│   │   │   │   ┌ P_Pi_canonical_decomp called from P_LFR_reduction:131
│   │   │   │   └ 0.078478 [sec]
│   │   │   │    
│   │   │   │   ┌ pcz_symeq_report:14 (pcz_symzero_report) - Equation of the permuted model should be the same
│   │   │   │   │   [  INFO  ] Tolerance: 1e-10.
│   │   │   │   │   [  INFO  ] Maximal difference: 0
│   │   │   │   │   ----------------------------------------------------
│   │   │   │   │   [   OK   ] Equation of the permuted model should be the same
│   │   │   │   └ 0.009063 [sec]
│   │   │   │    
│   │   │   │   ┌ pcz_symeq_report:14 (pcz_symzero_report) - Pi [dim: 6] = S * (reduced Pi [dim: 5.
│   │   │   │   │   [  INFO  ] Tolerance: 1e-10.
│   │   │   │   │   [  INFO  ] Maximal difference: 0
│   │   │   │   │   ----------------------------------------------------
│   │   │   │   │   [   OK   ] Pi [dim: 6] = S * (reduced Pi [dim: 5.
│   │   │   │   └ 0.009198 [sec]
│   │   │   │    
│   │   │   │   ┌ pcz_symeq_report:14 (pcz_symzero_report) - Equation of the reduced model should be the same
│   │   │   │   │   [  INFO  ] Tolerance: 1e-05.
│   │   │   │   │   [  INFO  ] Maximal difference: 0
│   │   │   │   │   ----------------------------------------------------
│   │   │   │   │   [   OK   ] Equation of the reduced model should be the same
│   │   │   │   └ 0.009035 [sec]
│   │   │   │    
│   │   │   └ 0.8171 [sec]
│   │   │    
│   │   │   ┌ P_affine_annihilator called from method4_authors_old_symbolical:114
│   │   │   │    
│   │   │   │   ┌ P_affine_annihilator:94 (pcz_fhzero_report) - Numerical check. 
│   │   │   │   │   [  INFO  ] Tolerance: 1e-10.
│   │   │   │   │   - Maximal difference: 1.09369e-15
│   │   │   │   │   ----------------------------------------------------
│   │   │   │   │   [   OK   ] Numerical check. 
│   │   │   │   └ 0.1868 [sec]
│   │   │   └ 0.97018 [sec]
│   │   │    
│   │   │   ┌ P_affine_annihilator called from method4_authors_old_symbolical:117
│   │   │   │    
│   │   │   │   ┌ P_affine_annihilator:94 (pcz_fhzero_report) - Numerical check. 
│   │   │   │   │   [  INFO  ] Tolerance: 1e-10.
│   │   │   │   │   - Maximal difference: 3.33959e-15
│   │   │   │   │   ----------------------------------------------------
│   │   │   │   │   [   OK   ] Numerical check. 
│   │   │   │   └ 0.29846 [sec]
│   │   │   └ 20.5683 [sec]
│   │   └ 26.3683 [sec]
│   │   - nr. of variables: 6663
│   │    
│   │   ┌ method4_authors_old_symbolical:171 - Solve LMIs
Problem
  Name                   :                 
  Objective sense        : min             
  Type                   : CONIC (conic optimization problem)
  Constraints            : 6663            
  Cones                  : 0               
  Scalar variables       : 1               
  Matrix variables       : 72              
  Integer variables      : 0               

Optimizer started.
Presolve started.
Linear dependency checker started.
Linear dependency checker terminated.
Eliminator - tries                  : 0                 time                   : 0.00            
Lin. dep.  - tries                  : 1                 time                   : 0.01            
Lin. dep.  - number                 : 0               
Presolve terminated. Time: 0.11    
Problem
  Name                   :                 
  Objective sense        : min             
  Type                   : CONIC (conic optimization problem)
  Constraints            : 6663            
  Cones                  : 0               
  Scalar variables       : 1               
  Matrix variables       : 72              
  Integer variables      : 0               

Optimizer  - threads                : 4               
Optimizer  - solved problem         : the primal      
Optimizer  - Constraints            : 6663
Optimizer  - Cones                  : 0
Optimizer  - Scalar variables       : 1                 conic                  : 0               
Optimizer  - Semi-definite variables: 72                scalarized             : 122248          
Factor     - setup time             : 11.90             dense det. time        : 0.00            
Factor     - ML order time          : 2.44              GP order time          : 0.00            
Factor     - nonzeros before factor : 2.07e+07          after factor           : 2.07e+07        
Factor     - dense dim.             : 0                 flops                  : 2.11e+11        
ITE PFEAS    DFEAS    GFEAS    PRSTATUS   POBJ              DOBJ              MU       TIME  
0   1.3e+02  1.5e+00  6.6e+01  0.00e+00   -2.662427208e+02  0.000000000e+00   1.0e+00  14.34 
1   2.0e+01  2.4e-01  4.4e+00  -3.24e+00  -1.131176670e+02  -5.563278978e+00  1.6e-01  189.62
2   7.7e+00  9.0e-02  1.3e+00  -9.99e-02  -1.498908981e+02  -2.597697485e+01  6.0e-02  277.26
3   2.8e+00  3.2e-02  3.4e-01  -5.80e-01  -2.229167628e+02  -8.363992246e+01  2.1e-02  364.84
4   9.8e-01  1.1e-02  1.2e+00  7.84e-01   -2.621098105e+01  -2.025215054e+01  7.6e-03  452.96
5   4.7e-01  5.5e-03  6.6e-01  4.97e+00   -5.849840114e+00  -4.435944538e+00  3.7e-03  541.23
6   3.5e-01  4.1e-03  5.5e-01  1.32e+00   -5.468131121e+00  -4.371205428e+00  2.7e-03  628.41
7   1.0e-01  1.2e-03  3.3e-01  1.16e+00   -4.497815728e+00  -4.190936576e+00  7.9e-04  715.92
8   4.9e-02  5.7e-04  2.4e-01  8.57e-01   -4.633544126e+00  -4.483986540e+00  3.8e-04  803.77
9   6.9e-03  8.1e-05  1.2e-01  9.18e-01   -4.591896632e+00  -4.572633943e+00  5.4e-05  891.27
10  1.0e-03  1.2e-05  8.8e-02  9.32e-01   -4.512726769e+00  -4.510131183e+00  8.0e-06  982.38
11  5.3e-04  6.2e-06  6.3e-02  8.59e-01   -4.499913938e+00  -4.498477310e+00  4.1e-06  1074.80
12  1.4e-04  1.6e-06  3.5e-02  8.72e-01   -4.490150995e+00  -4.489739410e+00  1.1e-06  1252.16
13  2.1e-05  2.5e-07  1.7e-02  8.27e-01   -4.485706667e+00  -4.485636459e+00  1.7e-07  1340.55
14  1.0e-05  1.1e-07  1.1e-02  9.72e-01   -4.485309906e+00  -4.485280409e+00  7.1e-08  1517.50
15  7.9e-06  6.0e-08  8.3e-03  9.54e-01   -4.485126915e+00  -4.485110072e+00  4.1e-08  1607.08
16  7.0e-06  4.0e-08  6.8e-03  9.67e-01   -4.485039208e+00  -4.485027862e+00  2.8e-08  1696.49
17  7.0e-06  4.0e-08  6.8e-03  9.73e-01   -4.485039208e+00  -4.485027862e+00  2.8e-08  1786.07
Optimizer terminated. Time: 1788.44 


Interior-point solution summary
  Problem status  : PRIMAL_AND_DUAL_FEASIBLE
  Solution status : OPTIMAL
  Primal.  obj: -4.4850392077e+00   nrm: 6e+01    Viol.  con: 7e-04    var: 0e+00    barvar: 0e+00  
  Dual.    obj: -4.4850278621e+00   nrm: 9e+01    Viol.  con: 0e+00    var: 2e-11    barvar: 1e-07  
Optimizer summary
  Optimizer                 -                        time: 1788.44 
    Interior-point          - iterations : 18        time: 1788.10 
      Basis identification  -                        time: 0.00    
        Primal              - iterations : 0         time: 0.00    
        Dual                - iterations : 0         time: 0.00    
        Clean primal        - iterations : 0         time: 0.00    
        Clean dual          - iterations : 0         time: 0.00    
    Simplex                 -                        time: 0.00    
      Primal simplex        - iterations : 0         time: 0.00    
      Dual simplex          - iterations : 0         time: 0.00    
    Mixed integer           - relaxations: 0         time: 0.00    

│   │   │   [   OK   ] Successfully solved (MOSEK). Solver time: 1791.6
│   │   │   [  WARN  ] The solution is feasible. Tolerance: 1e-06. Min(Primal) = -8.172708e-08.
│   │   │    
│   │   │   - Gamma = 2.11779 
│   │   │   - size(N)  =  15, size(PI)   =  17
│   │   │   - size(Na) =  95, size(PI_a) =  61
│   │   │   - 
│   │   │    
│   │   │   Q0 =  = [     0.2266  0.0302  0.4689  0.1949 -0.0196 -0.0134 -0.0774  0.1199 -0.0042  -0.085  0.0095  0.0017  0.0465 -0.0046  0.0346 -0.0144 -0.0416
│   │   │                 0.0302  0.9494   0.175 -0.2745 -0.0401  -0.021  0.0921  0.0869  0.0084 -0.1794 -0.0467 -0.5618   0.269 -0.0694  0.0701  0.0258 -0.2202
│   │   │                 0.4689   0.175  9.9407  1.1643 -0.0088 -0.1505  0.0082  0.1768  0.6612  0.1703 -0.1286 -0.2104  0.2548 -0.3701   0.452  0.2583  0.2934
│   │   │                 0.1949 -0.2745  1.1643  3.5057 -0.0273 -0.0463 -0.0787 -0.0158 -0.2222 -0.1195  0.1147 -0.0714  0.0163 -0.0685  0.0854  0.0665  0.0273
│   │   │                -0.0196 -0.0401 -0.0088 -0.0273  0.0089 -0.0103 -0.0426   0.033  0.0567 -0.0326 -0.0023 -0.0034 -0.0149  0.0101  0.0163  0.0546 -0.0018
│   │   │                -0.0134  -0.021 -0.1505 -0.0463 -0.0103 -0.0187 -0.1989 -0.0065  0.0921 -0.0441   0.011 -0.0321 -0.0585 -0.0411 -0.0513 -0.0255  0.0004
│   │   │                -0.0774  0.0921  0.0082 -0.0787 -0.0426 -0.1989  0.3926 -0.0751 -0.2479 -0.1501  0.1457  0.1547  -0.243  0.2516 -0.4777  0.0767  0.0219
│   │   │                 0.1199  0.0869  0.1768 -0.0158   0.033 -0.0065 -0.0751  0.0806 -0.0653  0.1105  0.0683  0.0415 -0.1351  0.0147 -0.1227  0.0274 -0.0006
│   │   │                -0.0042  0.0084  0.6612 -0.2222  0.0567  0.0921 -0.2479 -0.0653  1.1086 -0.0838 -0.1067 -0.3884  0.1056   0.075  -0.299   0.167 -0.0515
│   │   │                 -0.085 -0.1794  0.1703 -0.1195 -0.0326 -0.0441 -0.1501  0.1105 -0.0838  -0.072 -0.0657  0.1135 -0.0029 -0.0556 -0.0247   0.004  0.0585
│   │   │                 0.0095 -0.0467 -0.1286  0.1147 -0.0023   0.011  0.1457  0.0683 -0.1067 -0.0657 -0.1003 -0.0591 -0.0414  0.0048  0.0283  0.0367    0.04
│   │   │                 0.0017 -0.5618 -0.2104 -0.0714 -0.0034 -0.0321  0.1547  0.0415 -0.3884  0.1135 -0.0591  0.0382  0.0401 -0.0842  0.0063 -0.1077 -0.0482
│   │   │                 0.0465   0.269  0.2548  0.0163 -0.0149 -0.0585  -0.243 -0.1351  0.1056 -0.0029 -0.0414  0.0401  -0.182 -0.0451 -0.1511  0.0012 -0.0005
│   │   │                -0.0046 -0.0694 -0.3701 -0.0685  0.0101 -0.0411  0.2516  0.0147   0.075 -0.0556  0.0048 -0.0842 -0.0451  -0.175  -0.137 -0.0057 -0.0255
│   │   │                 0.0346  0.0701   0.452  0.0854  0.0163 -0.0513 -0.4777 -0.1227  -0.299 -0.0247  0.0283  0.0063 -0.1511  -0.137 -0.1312  0.0278 -0.1501
│   │   │                -0.0144  0.0258  0.2583  0.0665  0.0546 -0.0255  0.0767  0.0274   0.167   0.004  0.0367 -0.1077  0.0012 -0.0057  0.0278 -0.1526 -0.0796
│   │   │                -0.0416 -0.2202  0.2934  0.0273 -0.0018  0.0004  0.0219 -0.0006 -0.0515  0.0585    0.04 -0.0482 -0.0005 -0.0255 -0.1501 -0.0796 -0.2839 ]
│   │   │   - method4_authors_old_symbolical:197
│   │   │   - model1_LPV4D:139
│   │   │    
│   │   │   Q1 =  = [     0.0383  0.0534  0.0853 -0.0326 -0.0043  0.0025  0.0509  0.0176 -0.0722  0.0064  0.0121 -0.0014  -0.011 -0.0063 -0.0231 -0.0229 -0.0047
│   │   │                 0.0534  0.0427  0.0572  0.0024  0.0012 -0.0012   0.141  0.0096 -0.1061  0.0046 -0.0065  0.0099 -0.0061  0.0027  0.0939  0.0094  0.0083
│   │   │                 0.0853  0.0572 -0.0419  -0.003 -0.0085 -0.0166 -0.1949  0.0263  0.1197 -0.0081  0.0049 -0.0053  -0.038 -0.0335 -0.0611  0.0058 -0.0022
│   │   │                -0.0326  0.0024  -0.003  0.0151  0.0044 -0.0031   0.066 -0.0278  0.0374  0.0066  0.0066   0.006 -0.0075 -0.0168 -0.0026 -0.0144  0.0008
│   │   │                -0.0043  0.0012 -0.0085  0.0044      -0 -0.0006  0.0002 -0.0042 -0.0001       0       0       0 -0.0011  0.0118  0.0047       0  0.0001
│   │   │                 0.0025 -0.0012 -0.0166 -0.0031 -0.0006 -0.0094 -0.0709 -0.0036  0.0532 -0.0023  0.0032  -0.005 -0.0169 -0.0181  0.0288 -0.0046 -0.0043
│   │   │                 0.0509   0.141 -0.1949   0.066  0.0002 -0.0709  0.0019 -0.0656 -0.0002      -0  0.0001 -0.0001  -0.141  0.1037 -0.0703 -0.0005  0.0011
│   │   │                 0.0176  0.0096  0.0263 -0.0278 -0.0042 -0.0036 -0.0656  0.0422 -0.0364 -0.0066 -0.0064  -0.006 -0.0057  0.0233 -0.0191  0.0136 -0.0003
│   │   │                -0.0722 -0.1061  0.1197  0.0374 -0.0001  0.0532 -0.0002 -0.0364 -0.0016      -0  0.0001 -0.0001  0.1067  0.0185  0.0165  0.0002       0
│   │   │                 0.0064  0.0046 -0.0081  0.0066       0 -0.0023      -0 -0.0066      -0      -0       0      -0 -0.0046 -0.0039  0.0008      -0       0
│   │   │                 0.0121 -0.0065  0.0049  0.0066       0  0.0032  0.0001 -0.0064  0.0001       0       0       0  0.0064 -0.0119  0.0158      -0       0
│   │   │                -0.0014  0.0099 -0.0053   0.006       0  -0.005 -0.0001  -0.006 -0.0001      -0       0      -0 -0.0098 -0.0071  0.0128      -0       0
│   │   │                 -0.011 -0.0061  -0.038 -0.0075 -0.0011 -0.0169  -0.141 -0.0057  0.1067 -0.0046  0.0064 -0.0098 -0.0302 -0.0228  0.0698 -0.0095 -0.0082
│   │   │                -0.0063  0.0027 -0.0335 -0.0168  0.0118 -0.0181  0.1037  0.0233  0.0185 -0.0039 -0.0119 -0.0071 -0.0228  0.0261  0.0559 -0.0154 -0.0074
│   │   │                -0.0231  0.0939 -0.0611 -0.0026  0.0047  0.0288 -0.0703 -0.0191  0.0165  0.0008  0.0158  0.0128  0.0698  0.0559 -0.0142  0.0184  0.0074
│   │   │                -0.0229  0.0094  0.0058 -0.0144       0 -0.0046 -0.0005  0.0136  0.0002      -0      -0      -0 -0.0095 -0.0154  0.0184       0       0
│   │   │                -0.0047  0.0083 -0.0022  0.0008  0.0001 -0.0043  0.0011 -0.0003       0       0       0       0 -0.0082 -0.0074  0.0074       0 -0.0002 ]
│   │   │   - method4_authors_old_symbolical:197
│   │   │   - model1_LPV4D:139
│   │   │    
│   │   │   Q2 =  = [       0.03 -0.1118  0.0239  0.1248  -0.001 -0.0045  0.0298  0.0109  -0.116 -0.0057   0.083  0.0043  0.0094 -0.0136   0.002 -0.0202 -0.0075
│   │   │                -0.1118 -0.1054 -0.1195 -0.0067  0.0099  0.0044   0.151  0.0822 -0.0038 -0.0003  0.1073  0.0613 -0.0284  0.0156  0.0284  0.0266  0.0248
│   │   │                 0.0239 -0.1195 -0.5033  0.3929 -0.0002  0.0013 -0.0019 -0.0038 -0.3721 -0.1244   0.011  0.1066 -0.0051 -0.0008  0.0017  0.0004  -0.001
│   │   │                 0.1248 -0.0067  0.3929  0.4916  0.0158  0.0131  0.1289 -0.0055 -0.6045  0.0914  0.0097  0.1169 -0.0485  0.0607  0.0855 -0.0168 -0.0257
│   │   │                 -0.001  0.0099 -0.0002  0.0158       0       0       0 -0.0001      -0       0  0.0261   0.001       0       0      -0      -0      -0
│   │   │                -0.0045  0.0044  0.0013  0.0131       0      -0       0       0  0.0002      -0  0.0396  0.0043 -0.0001       0      -0      -0  0.0001
│   │   │                 0.0298   0.151 -0.0019  0.1289       0       0  0.0001       0 -0.0001       0  0.1583 -0.0297  0.0001      -0      -0      -0 -0.0001
│   │   │                 0.0109  0.0822 -0.0038 -0.0055 -0.0001       0       0  0.0007 -0.0007  0.0002 -0.1238 -0.0101 -0.0001 -0.0005  0.0002  0.0001  0.0005
│   │   │                 -0.116 -0.0038 -0.3721 -0.6045      -0  0.0002 -0.0001 -0.0007  0.0211  0.0195 -0.0018  0.0505 -0.0012  0.0015 -0.0068  0.0007 -0.0075
│   │   │                -0.0057 -0.0003 -0.1244  0.0914       0      -0       0  0.0002  0.0195 -0.0056  0.0435 -0.0566  0.0001      -0 -0.0009  0.0002 -0.0015
│   │   │                  0.083  0.1073   0.011  0.0097  0.0261  0.0396  0.1583 -0.1238 -0.0018  0.0435  0.0715  0.0453 -0.0035  0.0579  0.0239 -0.0095 -0.0498
│   │   │                 0.0043  0.0613  0.1066  0.1169   0.001  0.0043 -0.0297 -0.0101  0.0505 -0.0566  0.0453 -0.0231 -0.0085  0.0126 -0.0001  0.0197   0.011
│   │   │                 0.0094 -0.0284 -0.0051 -0.0485       0 -0.0001  0.0001 -0.0001 -0.0012  0.0001 -0.0035 -0.0085  0.0003       0 -0.0004       0 -0.0004
│   │   │                -0.0136  0.0156 -0.0008  0.0607       0       0      -0 -0.0005  0.0015      -0  0.0579  0.0126       0  0.0001 -0.0002 -0.0001  0.0001
│   │   │                  0.002  0.0284  0.0017  0.0855      -0      -0      -0  0.0002 -0.0068 -0.0009  0.0239 -0.0001 -0.0004 -0.0002  0.0011  0.0001  0.0003
│   │   │                -0.0202  0.0266  0.0004 -0.0168      -0      -0      -0  0.0001  0.0007  0.0002 -0.0095  0.0197       0 -0.0001  0.0001       0  0.0001
│   │   │                -0.0075  0.0248  -0.001 -0.0257      -0  0.0001 -0.0001  0.0005 -0.0075 -0.0015 -0.0498   0.011 -0.0004  0.0001  0.0003  0.0001      -0 ]
│   │   │   - method4_authors_old_symbolical:197
│   │   │   - model1_LPV4D:139
│   │   │    
│   │   │   Q3 =  = [         -0  0.0032 -0.0311 -0.0015      -0       0 -0.0195  0.0006  0.0451       0 -0.0005 -0.0004 -0.0028 -0.0439 -0.0019 -0.0008  0.0153
│   │   │                 0.0032  0.1411  0.2911  0.0656 -0.0049   0.003 -0.3845 -0.0259  0.0697 -0.0024  0.0118  0.0189 -0.0324 -0.1828 -0.0362    0.02  0.0137
│   │   │                -0.0311  0.2911 -0.8834 -0.0731  0.0264 -0.0558  0.5377  0.0455 -0.0033  0.0018  -0.004 -0.0019 -0.1845 -0.0658  0.0695 -0.0063 -0.1036
│   │   │                -0.0015  0.0656 -0.0731  0.0014      -0 -0.0098    0.04  0.0016  -0.024  0.0013 -0.0037 -0.0008 -0.0671 -0.0141 -0.0037 -0.0004 -0.0648
│   │   │                     -0 -0.0049  0.0264      -0       0 -0.0094 -0.0047       0  0.0065      -0       0      -0  0.0049  0.0123       0       0 -0.0319
│   │   │                      0   0.003 -0.0558 -0.0098 -0.0094 -0.0059  0.0132 -0.0152  0.0436  0.0051  0.0066 -0.0026 -0.0356 -0.0152  0.0026   0.005  0.0053
│   │   │                -0.0195 -0.3845  0.5377    0.04 -0.0047  0.0132  0.1406 -0.0189 -0.0386 -0.0009 -0.0157 -0.0129  0.2207  0.0881  0.0075 -0.0177 -0.0906
│   │   │                 0.0006 -0.0259  0.0455  0.0016       0 -0.0152 -0.0189 -0.0001 -0.0035 -0.0002 -0.0001  0.0001  0.0252  0.0578  0.0014  0.0002  0.0006
│   │   │                 0.0451  0.0697 -0.0033  -0.024  0.0065  0.0436 -0.0386 -0.0035  0.2066 -0.0068 -0.0135  0.0012  0.1202 -0.0654 -0.0147  0.0742 -0.0075
│   │   │                      0 -0.0024  0.0018  0.0013      -0  0.0051 -0.0009 -0.0002 -0.0068  0.0001 -0.0001  0.0004  0.0019   0.006  0.0007  0.0003  0.0049
│   │   │                -0.0005  0.0118  -0.004 -0.0037       0  0.0066 -0.0157 -0.0001 -0.0135 -0.0001  0.0006 -0.0007 -0.0106  0.0116  0.0001       0 -0.0107
│   │   │                -0.0004  0.0189 -0.0019 -0.0008      -0 -0.0026 -0.0129  0.0001  0.0012  0.0004 -0.0007  0.0001 -0.0191  0.0056 -0.0002  0.0003  0.0074
│   │   │                -0.0028 -0.0324 -0.1845 -0.0671  0.0049 -0.0356  0.2207  0.0252  0.1202  0.0019 -0.0106 -0.0191 -0.0783   0.007  0.0402 -0.0196 -0.0034
│   │   │                -0.0439 -0.1828 -0.0658 -0.0141  0.0123 -0.0152  0.0881  0.0578 -0.0654   0.006  0.0116  0.0056   0.007  0.0114 -0.0422 -0.0388   0.011
│   │   │                -0.0019 -0.0362  0.0695 -0.0037       0  0.0026  0.0075  0.0014 -0.0147  0.0007  0.0001 -0.0002  0.0402 -0.0422 -0.0042 -0.0014 -0.0187
│   │   │                -0.0008    0.02 -0.0063 -0.0004       0   0.005 -0.0177  0.0002  0.0742  0.0003       0  0.0003 -0.0196 -0.0388 -0.0014 -0.0007  0.0791
│   │   │                 0.0153  0.0137 -0.1036 -0.0648 -0.0319  0.0053 -0.0906  0.0006 -0.0075  0.0049 -0.0107  0.0074 -0.0034   0.011 -0.0187  0.0791 -0.0004 ]
│   │   │   - method4_authors_old_symbolical:197
│   │   │   - model1_LPV4D:139
│   │   │    
│   │   │   p_lim = [      -1.000    2.000
│   │   │                  -1.000    2.000
│   │   │                   0.000    2.000 ]
│   │   │   - method4_authors_old_symbolical:200
│   │   │   - model1_LPV4D:139
│   │   │    
│   │   │   dp_lim = [     -31.623   31.623
│   │   │                   -3.162    3.162
│   │   │                  -15.811   15.811 ]
│   │   │   - method4_authors_old_symbolical:201
│   │   │   - model1_LPV4D:139
│   │   │   - Results stored in `results/Results_All.csv'
│   │   │              Model: 'model1_LPV4D_x3.16228'
│   │   │              Stamp: '2020.04.14. Tuesday 12:54:21 id:2360'
│   │   │              Lower: 0
│   │   │              Upper: 2.1178e+00
│   │   │        Solver_Time: 1.7916e+03
│   │   │       Overall_Time: 1.8438e+03
│   │   │        Solver_Info: 'Successfully solved (MOSEK)'
│   │   │             Method: 'Polytopic a. with Finsler (old)'
│   │   │   
│   │   │   
│   │   └ 1807.5649 [sec]
│   └ 1844.013 [sec]
│    
│   ┌ method4_authors_old_symbolical called from model1_LPV4D:139
│   │    
│   │   ┌ method4_authors_old_symbolical:19 - model generation
│   │   │    
│   │   │   ┌ P_LFR_reduction called from method4_authors_old_symbolical:44
│   │   │   │    
│   │   │   │   ┌ P_lfrdata called from P_LFR_reduction:95
