[  [INFO]  ] Output logging (with `diary'): results/qLPV_ipend_main-output-0328141441.txt
 
┌ <a href="matlab:edit('/home/ppolcz/_/8_published/LPV_L2/workspace/model2_ipend.m')">model2_ipend</a>
│   Model parameters:
│   
│   m = 1
│   M = 2
│   L = 1
│   g = 10
│   k = 5
│   I = 1.3333
│   State and input bounds:
│   
│   veloc_max = 2
│   theta_max = 0.4
│   omega_max = 1.2
│   w_max = 1
│   ----------------------------------------------------
│   - Stability check in random points
│   - Stability check in corner points
│   [   <strong>OK</strong>   ] A(p) was stable in all sample points
│    
│   ┌ <a href="matlab:opentoline('/home/ppolcz/_/8_published/LPV_L2/workspace/method3_IQC_LFT_LPVTools.m',39)">method3_IQC_LFT_LPVTools:39</a> - [<strong>LPVTools</strong>]
│   │    
│   │   ┌ <a href="matlab:opentoline('/home/ppolcz/_/8_published/LPV_L2/workspace/method3_IQC_LFT_LPVTools.m',58)">method3_IQC_LFT_LPVTools:58</a> - [<strong>LPVTools LFT/IQC</strong>] [msg:lpvnorm]
│   │   │   - Solver time: <strong>161.702</strong>
│   │   │   - <strong>gamma = 1.13861 </strong>(lpvnorm)
│   │   └ 161.705 [sec]
│   │   - Results stored in `results/LPVTools_Results.csv'
│   │              Model: 'ipend(1,2,1,10,5;2,0.4,1.2;1)'
│   │              Stamp: '2020.03.28. Saturday 14:17:25 id:2247'
│   │              Lower: 0
│   │              Upper: 1.1386
│   │        Solver_Time: 0
│   │       Overall_Time: 161.7023
│   │        Solver_Info: 'tvreal, lpvnorm'
│   │             Method: 'LFT/IQC'
│   │   
│   │   
│   │   
│   │   - Results stored in `results/Results_All.csv'
│   │              Model: 'ipend(1,2,1,10,5;2,0.4,1.2;1)'
│   │              Stamp: '2020.03.28. Saturday 14:17:26 id:2247'
│   │              Lower: 0
│   │              Upper: 1.1386
│   │        Solver_Time: 0
│   │       Overall_Time: 161.7023
│   │        Solver_Info: 'tvreal, lpvnorm'
│   │             Method: 'LPVTools - LFT/IQC'
│   │   
│   │   
│   │   
│   │    
│   │   ┌ <a href="matlab:opentoline('/home/ppolcz/_/8_published/LPV_L2/workspace/method3_IQC_LFT_LPVTools.m',80)">method3_IQC_LFT_LPVTools:80</a> - [<strong>LPVTools LFT/IQC</strong>] [msg:lpvwcgain]
│   │   │   - Solver time: <strong>289.366</strong>
│   │   │   - Bounds: [<strong>0.554087</strong>,1.13861] = [-5.12844,1.12753] dB 
│   │   └ 289.3678 [sec]
│   │   - Results stored in `results/LPVTools_Results.csv'
│   │              Model: 'ipend(1,2,1,10,5;2,0.4,1.2;1)'
│   │              Stamp: '2020.03.28. Saturday 14:22:15 id:2247'
│   │              Lower: 0.5541
│   │              Upper: 1.1386
│   │        Solver_Time: 0
│   │       Overall_Time: 289.3657
│   │        Solver_Info: 'tvreal, lpvwcgain'
│   │             Method: 'LFT/IQC'
│   │   
│   │   
│   │   
│   │   - Results stored in `results/Results_All.csv'
│   │              Model: 'ipend(1,2,1,10,5;2,0.4,1.2;1)'
│   │              Stamp: '2020.03.28. Saturday 14:22:15 id:2247'
│   │              Lower: 0.5541
│   │              Upper: 1.1386
│   │        Solver_Time: 0
│   │       Overall_Time: 289.3657
│   │        Solver_Info: 'tvreal, lpvwcgain'
│   │             Method: 'LPVTools - LFT/IQC'
│   │   
│   │   
│   │   
│   └ 453.1689 [sec]
│    
│   ┌ <a href="matlab:edit('/home/ppolcz/_/8_published/LPV_L2/workspace/method4_authors_old_symbolical.m')">method4_authors_old_symbolical</a> called from <a href="matlab:opentoline('/home/ppolcz/_/8_published/LPV_L2/workspace/model2_ipend.m',198)">model2_ipend:198</a>
│   │    
│   │   ┌ <a href="matlab:opentoline('/home/ppolcz/_/8_published/LPV_L2/workspace/method4_authors_old_symbolical.m',28)">method4_authors_old_symbolical:28</a> - [<strong>model generation</strong>]
│   │   │    
│   │   │   ┌ <a href="matlab:edit('/home/ppolcz/_/7_ftools/ftools/v11/P_LFR_reduction.m')">P_LFR_reduction</a> called from <a href="matlab:opentoline('/home/ppolcz/_/8_published/LPV_L2/workspace/method4_authors_old_symbolical.m',61)">method4_authors_old_symbolical:61</a>
│   │   │   │    
│   │   │   │   ┌ <a href="matlab:edit('/home/ppolcz/_/7_ftools/ftools/v11/P_lfrdata.m')">P_lfrdata</a> called from <a href="matlab:opentoline('/home/ppolcz/_/7_ftools/ftools/v11/P_LFR_reduction.m',95)">P_LFR_reduction:95</a>
│   │   │   │   └ 0.052274 [sec]
│   │   │   │    
│   │   │   │   - Redundant LFR model (dim: 15) (symbolic computations). Elapsed time is 0.039459
│   │   │   │    
│   │   │   │   ┌ <a href="matlab:edit('/home/ppolcz/_/7_ftools/ftools/v11/P_Pi_canonical_decomp.m')">P_Pi_canonical_decomp</a> called from <a href="matlab:opentoline('/home/ppolcz/_/7_ftools/ftools/v11/P_LFR_reduction.m',131)">P_LFR_reduction:131</a>
│   │   │   │   └ 0.27192 [sec]
│   │   │   │    
│   │   │   │   ┌ <a href="matlab:opentoline('/home/ppolcz/_/7_ftools/utilities/symbolical/pcz_symeq_report.m',14)">pcz_symeq_report:14</a> (<a href="matlab:opentoline('/home/ppolcz/_/7_ftools/utilities/symbolical/pcz_symzero_report.m',0)">pcz_symzero_report</a>) - [<strong>Equation of the permuted model should be the same</strong>]
│   │   │   │   │   [  [INFO]  ] Tolerance: 1e-10.
│   │   │   │   │   [  [INFO]  ] Maximal difference: 0
│   │   │   │   │   ----------------------------------------------------
│   │   │   │   │   [   <strong>OK</strong>   ] Equation of the permuted model should be the same
│   │   │   │   └ 0.011739 [sec]
│   │   │   │   [   <strong>OK</strong>   ] Pi [dim: 18] = S * (reduced Pi [dim: 13]).
│   │   │   │    
│   │   │   │   ┌ <a href="matlab:opentoline('/home/ppolcz/_/7_ftools/utilities/symbolical/pcz_symeq_report.m',14)">pcz_symeq_report:14</a> (<a href="matlab:opentoline('/home/ppolcz/_/7_ftools/utilities/symbolical/pcz_symzero_report.m',0)">pcz_symzero_report</a>) - [<strong>Equation of the reduced model should be the same</strong>]
│   │   │   │   │   [  [INFO]  ] Tolerance: 1e-05.
│   │   │   │   │   [  [INFO]  ] Maximal difference: 0
│   │   │   │   │   ----------------------------------------------------
│   │   │   │   │   [   <strong>OK</strong>   ] Equation of the reduced model should be the same
│   │   │   │   └ 0.007325 [sec]
│   │   │   │    
│   │   │   └ 1.2022 [sec]
│   │   │    
│   │   │   ┌ <a href="matlab:edit('/home/ppolcz/_/7_ftools/ftools/v11/P_LFR_reduction.m')">P_LFR_reduction</a> called from <a href="matlab:opentoline('/home/ppolcz/_/8_published/LPV_L2/workspace/method4_authors_old_symbolical.m',64)">method4_authors_old_symbolical:64</a>
│   │   │   │    
│   │   │   │   ┌ <a href="matlab:edit('/home/ppolcz/_/7_ftools/ftools/v11/P_lfrdata.m')">P_lfrdata</a> called from <a href="matlab:opentoline('/home/ppolcz/_/7_ftools/ftools/v11/P_LFR_reduction.m',95)">P_LFR_reduction:95</a>
│   │   │   │   └ 0.020738 [sec]
│   │   │   │    
│   │   │   │   - Redundant LFR model (dim: 3) (symbolic computations). Elapsed time is 0.021108
│   │   │   │    
│   │   │   │   ┌ <a href="matlab:edit('/home/ppolcz/_/7_ftools/ftools/v11/P_Pi_canonical_decomp.m')">P_Pi_canonical_decomp</a> called from <a href="matlab:opentoline('/home/ppolcz/_/7_ftools/ftools/v11/P_LFR_reduction.m',131)">P_LFR_reduction:131</a>
│   │   │   │   └ 0.10824 [sec]
│   │   │   │    
│   │   │   │   ┌ <a href="matlab:opentoline('/home/ppolcz/_/7_ftools/utilities/symbolical/pcz_symeq_report.m',14)">pcz_symeq_report:14</a> (<a href="matlab:opentoline('/home/ppolcz/_/7_ftools/utilities/symbolical/pcz_symzero_report.m',0)">pcz_symzero_report</a>) - [<strong>Equation of the permuted model should be the same</strong>]
│   │   │   │   │   [  [INFO]  ] Tolerance: 1e-10.
│   │   │   │   │   [  [INFO]  ] Maximal difference: 0
│   │   │   │   │   ----------------------------------------------------
│   │   │   │   │   [   <strong>OK</strong>   ] Equation of the permuted model should be the same
│   │   │   │   └ 0.00685 [sec]
│   │   │   │   [   <strong>OK</strong>   ] Pi [dim: 4] = S * (reduced Pi [dim: 3]).
│   │   │   │    
│   │   │   │   ┌ <a href="matlab:opentoline('/home/ppolcz/_/7_ftools/utilities/symbolical/pcz_symeq_report.m',14)">pcz_symeq_report:14</a> (<a href="matlab:opentoline('/home/ppolcz/_/7_ftools/utilities/symbolical/pcz_symzero_report.m',0)">pcz_symzero_report</a>) - [<strong>Equation of the reduced model should be the same</strong>]
│   │   │   │   │   [  [INFO]  ] Tolerance: 1e-05.
│   │   │   │   │   [  [INFO]  ] Maximal difference: 0
│   │   │   │   │   ----------------------------------------------------
│   │   │   │   │   [   <strong>OK</strong>   ] Equation of the reduced model should be the same
│   │   │   │   └ 0.006864 [sec]
│   │   │   │    
│   │   │   └ 0.71079 [sec]
│   │   │    
│   │   │   ┌ <a href="matlab:opentoline('/home/ppolcz/_/8_published/LPV_L2/workspace/method4_authors_old_symbolical.m',78)">method4_authors_old_symbolical:78</a> (<a href="matlab:opentoline('/home/ppolcz/_/7_ftools/utilities/symbolical/pcz_symzero_report.m',0)">pcz_symzero_report</a>) - [<strong>Generator form (m = 10) of A(p)-B(p)*K is OK</strong>]
│   │   │   │   [  [INFO]  ] Tolerance: 1e-10.
│   │   │   │   [  [INFO]  ] Maximal difference: 4.44089e-16
│   │   │   │   ----------------------------------------------------
│   │   │   │   [   <strong>OK</strong>   ] Generator form (m = 10) of A(p)-B(p)*K is OK
│   │   │   └ 0.009381 [sec]
│   │   │    
│   │   │   ┌ <a href="matlab:opentoline('/home/ppolcz/_/8_published/LPV_L2/workspace/method4_authors_old_symbolical.m',90)">method4_authors_old_symbolical:90</a> (<a href="matlab:opentoline('/home/ppolcz/_/7_ftools/utilities/symbolical/pcz_symzero_report.m',0)">pcz_symzero_report</a>) - [<strong>Generator form of B(p) is OK</strong>]
│   │   │   │   [  [INFO]  ] Tolerance: 1e-10.
│   │   │   │   [  [INFO]  ] Maximal difference: 5.55112e-17
│   │   │   │   ----------------------------------------------------
│   │   │   │   [   <strong>OK</strong>   ] Generator form of B(p) is OK
│   │   │   └ 0.006578 [sec]
│   │   │    
│   │   │   ┌ <a href="matlab:edit('/home/ppolcz/_/7_ftools/ftools/v11/P_affine_annihilator.m')">P_affine_annihilator</a> called from <a href="matlab:opentoline('/home/ppolcz/_/8_published/LPV_L2/workspace/method4_authors_old_symbolical.m',139)">method4_authors_old_symbolical:139</a>
│   │   │   │    
│   │   │   │   ┌ <a href="matlab:opentoline('/home/ppolcz/_/7_ftools/ftools/v11/P_affine_annihilator.m',94)">P_affine_annihilator:94</a> (<a href="matlab:opentoline('/home/ppolcz/_/7_ftools/utilities/symbolical/pcz_fhzero_report.m',0)">pcz_fhzero_report</a>) - [<strong>Numerical check. </strong>]
│   │   │   │   │   [  [INFO]  ] Tolerance: 1e-10.
│   │   │   │   │   - Maximal difference: 2.94498e-16
│   │   │   │   │   ----------------------------------------------------
│   │   │   │   │   [   <strong>OK</strong>   ] Numerical check. 
│   │   │   │   └ 0.19304 [sec]
│   │   │   └ 0.91902 [sec]
│   │   │    
│   │   │   ┌ <a href="matlab:edit('/home/ppolcz/_/7_ftools/ftools/v11/P_affine_annihilator.m')">P_affine_annihilator</a> called from <a href="matlab:opentoline('/home/ppolcz/_/8_published/LPV_L2/workspace/method4_authors_old_symbolical.m',142)">method4_authors_old_symbolical:142</a>
│   │   │   │    
│   │   │   │   ┌ <a href="matlab:opentoline('/home/ppolcz/_/7_ftools/ftools/v11/P_affine_annihilator.m',94)">P_affine_annihilator:94</a> (<a href="matlab:opentoline('/home/ppolcz/_/7_ftools/utilities/symbolical/pcz_fhzero_report.m',0)">pcz_fhzero_report</a>) - [<strong>Numerical check. </strong>]
│   │   │   │   │   [  [INFO]  ] Tolerance: 1e-10.
│   │   │   │   │   - Maximal difference: 8.46522e-16
│   │   │   │   │   ----------------------------------------------------
│   │   │   │   │   [   <strong>OK</strong>   ] Numerical check. 
│   │   │   │   └ 0.28248 [sec]
│   │   │   └ 2.2199 [sec]
│   │   │   - nr. of variables: 6067
│   │   │    
│   │   │   ┌ <a href="matlab:opentoline('/home/ppolcz/_/8_published/LPV_L2/workspace/method4_authors_old_symbolical.m',194)">method4_authors_old_symbolical:194</a> - [<strong>Solve LMIs</strong>]
Problem
  Name                   :                 
  Objective sense        : min             
  Type                   : CONIC (conic optimization problem)
  Constraints            : 6067            
  Cones                  : 0               
  Scalar variables       : 1               
  Matrix variables       : 72              
  Integer variables      : 0               

Optimizer started.
Presolve started.
Linear dependency checker started.
Linear dependency checker terminated.
Eliminator - tries                  : 0                 time                   : 0.00            
Lin. dep.  - tries                  : 1                 time                   : 0.01            
Lin. dep.  - number                 : 0               
Presolve terminated. Time: 0.01    
Problem
  Name                   :                 
  Objective sense        : min             
  Type                   : CONIC (conic optimization problem)
  Constraints            : 6067            
  Cones                  : 0               
  Scalar variables       : 1               
  Matrix variables       : 72              
  Integer variables      : 0               

Optimizer  - threads                : 4               
Optimizer  - solved problem         : the primal      
Optimizer  - Constraints            : 6067
Optimizer  - Cones                  : 0
Optimizer  - Scalar variables       : 1                 conic                  : 0               
Optimizer  - Semi-definite variables: 72                scalarized             : 69912           
Factor     - setup time             : 8.14              dense det. time        : 0.00            
Factor     - ML order time          : 1.90              GP order time          : 0.00            
Factor     - nonzeros before factor : 1.74e+07          after factor           : 1.74e+07        
Factor     - dense dim.             : 0                 flops                  : 1.38e+11        
ITE PFEAS    DFEAS    GFEAS    PRSTATUS   POBJ              DOBJ              MU       TIME  
0   6.4e+01  1.5e+00  3.1e+01  0.00e+00   -1.280020806e+02  0.000000000e+00   1.0e+00  9.48  
1   3.3e+01  7.8e-01  1.6e+01  -7.90e+00  -1.643334499e+01  -1.867363364e-01  5.2e-01  134.04
2   7.2e+00  1.7e-01  2.0e+00  -9.36e-01  -2.794870327e+01  -1.980387776e+00  1.1e-01  196.72
3   4.6e-01  1.1e-02  8.1e-01  1.77e-01   -4.921860433e+00  -3.482456945e+00  7.2e-03  259.62
4   1.0e-01  2.4e-03  9.2e-01  2.31e+00   -1.160414802e+00  -1.050187659e+00  1.6e-03  322.61
5   1.5e-02  3.5e-04  8.1e-01  1.23e+00   -8.415087957e-01  -8.285899428e-01  2.3e-04  385.85
6   2.3e-03  5.4e-05  3.1e-01  7.88e-01   -8.003206248e-01  -7.979526143e-01  3.6e-05  449.16
7   1.5e-03  3.5e-05  2.3e-01  6.04e-01   -7.961246626e-01  -7.943792873e-01  2.3e-05  512.13
8   2.9e-04  6.8e-06  6.7e-02  5.25e-01   -7.868940191e-01  -7.863951975e-01  4.5e-06  575.61
9   5.8e-05  1.4e-06  1.6e-02  2.53e-01   -7.802841243e-01  -7.800914842e-01  9.1e-07  638.83
10  1.0e-05  2.4e-07  2.9e-03  -1.76e-02  -7.733254463e-01  -7.732456882e-01  1.6e-07  704.48
11  7.5e-06  1.8e-07  2.2e-03  -1.22e-02  -7.719921672e-01  -7.719199083e-01  1.2e-07  767.52
12  1.7e-06  4.0e-08  6.6e-04  9.69e-02   -7.672695152e-01  -7.672392243e-01  2.6e-08  830.58
13  3.1e-07  7.4e-09  2.1e-04  2.87e-01   -7.636840255e-01  -7.636752943e-01  4.5e-09  893.66
14  2.3e-07  5.4e-09  1.6e-04  4.41e-01   -7.628977784e-01  -7.628906508e-01  3.4e-09  956.04
15  1.1e-07  2.5e-09  1.0e-04  5.04e-01   -7.614974298e-01  -7.614934141e-01  1.7e-09  1019.11
16  5.8e-08  1.3e-09  6.3e-05  5.31e-01   -7.602920917e-01  -7.602897560e-01  8.9e-10  1084.12
17  2.8e-08  7.8e-10  3.4e-05  5.70e-01   -7.589865697e-01  -7.589854965e-01  3.8e-10  1149.13
18  2.2e-08  5.6e-10  2.6e-05  6.28e-01   -7.585181298e-01  -7.585173142e-01  3.1e-10  1214.08
19  1.3e-08  1.1e-09  6.8e-06  6.44e-01   -7.571307004e-01  -7.571305320e-01  5.4e-11  1279.63
20  1.3e-08  1.1e-09  6.8e-06  -3.53e-01  -7.571307004e-01  -7.571305320e-01  5.4e-11  1346.05
Optimizer terminated. Time: 1347.89 


Interior-point solution summary
  Problem status  : PRIMAL_AND_DUAL_FEASIBLE
  Solution status : OPTIMAL
  Primal.  obj: -7.5713070037e-01   nrm: 1e+00    Viol.  con: 3e-05    var: 0e+00    barvar: 0e+00  
  Dual.    obj: -7.5713053205e-01   nrm: 1e+03    Viol.  con: 0e+00    var: 2e-11    barvar: 5e-08  
Optimizer summary
  Optimizer                 -                        time: 1347.89 
    Interior-point          - iterations : 21        time: 1347.69 
      Basis identification  -                        time: 0.00    
        Primal              - iterations : 0         time: 0.00    
        Dual                - iterations : 0         time: 0.00    
        Clean primal        - iterations : 0         time: 0.00    
        Clean dual          - iterations : 0         time: 0.00    
    Simplex                 -                        time: 0.00    
      Primal simplex        - iterations : 0         time: 0.00    
      Dual simplex          - iterations : 0         time: 0.00    
    Mixed integer           - relaxations: 0         time: 0.00    

│   │   │   │   [   <strong>OK</strong>   ] Successfully solved (MOSEK). Solver time: <strong>1349.92</strong>
│   │   │   │   [   <strong>OK</strong>   ] The solution is feasible. Tolerance: 1e-06.
│   │   │   │    
│   │   │   │   - <strong>Gamma = 0.870132</strong> 
│   │   │   │   - size(N)  =  14, size(PI)   =  13
│   │   │   │   - size(Na) = 120, size(PI_a) =  46
│   │   │   │   - Saved to workspace: Q, dQ, PI_x, gamma
│   │   │   │    
│   │   │   │   Q0 =  = [       6.86   10.37 -2.2169  5.8908 -3.8953  -3.313 -7.3086 -5.1065 -4.0584 -1.9756  4.4226 -3.3938 -0.5917
│   │   │   │                  10.37  100.24 -0.5244 -209.77 -11.089 -92.937  49.825 -58.941  -92.68 -105.82 -1.1073  50.969  71.781
│   │   │   │                -2.2169 -0.5244 -0.4862  10.832  1.2821 -3.0186 -15.607 -8.2497  2.3216  2.2695  3.1051  4.8093 -2.2312
│   │   │   │                 5.8908 -209.77  10.832  511.38   7.728  13.467 -58.887  8.6913  80.111  121.34  66.063 -293.88 -92.958
│   │   │   │                -3.8953 -11.089  1.2821   7.728  125.91 -100.73 -113.61 -92.304  47.849 -4.8705  84.136 -41.945 -63.652
│   │   │   │                 -3.313 -92.937 -3.0186  13.467 -100.73 -6.9705 -167.49 -32.733  51.632  120.41 -67.707  74.575 -84.474
│   │   │   │                -7.3086  49.825 -15.607 -58.887 -113.61 -167.49 -5.8382 -149.06 -5.7205 -1.3843  24.142  40.535 -32.435
│   │   │   │                -5.1065 -58.941 -8.2497  8.6913 -92.304 -32.733 -149.06  218.69  21.383 -85.591  -31.56 -88.208  176.14
│   │   │   │                -4.0584  -92.68  2.3216  80.111  47.849  51.632 -5.7205  21.383 -3.3685  4.5193 -32.875 -17.036 -25.227
│   │   │   │                -1.9756 -105.82  2.2695  121.34 -4.8705  120.41 -1.3843 -85.591  4.5193  32.033  21.841 -111.22 -16.866
│   │   │   │                 4.4226 -1.1073  3.1051  66.063  84.136 -67.707  24.142  -31.56 -32.875  21.841   23.51 -14.742 -5.0551
│   │   │   │                -3.3938  50.969  4.8093 -293.88 -41.945  74.575  40.535 -88.208 -17.036 -111.22 -14.742 -79.341  83.574
│   │   │   │                -0.5917  71.781 -2.2312 -92.958 -63.652 -84.474 -32.435  176.14 -25.227 -16.866 -5.0551  83.574  28.524 ]
│   │   │   │   - <a href="matlab:opentoline('/home/ppolcz/_/8_published/LPV_L2/workspace/method4_authors_old_symbolical.m',218)">method4_authors_old_symbolical:218</a>
│   │   │   │   - <a href="matlab:opentoline('/home/ppolcz/_/8_published/LPV_L2/workspace/model2_ipend.m',198)">model2_ipend:198</a>
│   │   │   │    
│   │   │   │   Q1 =  = [    -3.3814 -2.4784  0.9357 -42.673  6.8566  12.908 -3.3956  4.5883  4.8028 -0.9438 -3.5932 -14.754  2.0636
│   │   │   │                -2.4784 -74.546 -1.4343  303.68   19.29 -6.5119 -34.154 -2.1348   19.74  60.291 -8.4809 -96.496 -31.233
│   │   │   │                 0.9357 -1.4343  3.8933 -32.709  2.0353  8.4646  24.964  3.5625 -7.4752 -2.0007  3.6933 -0.6408 -4.3487
│   │   │   │                -42.673  303.68 -32.709 -1309.1 -169.11    36.3  -64.48 -58.877  66.191 -56.464 -14.424  508.65  28.891
│   │   │   │                 6.8566   19.29  2.0353 -169.11 -10.854  178.13  91.683 -40.388   33.37  9.1602 -0.5309  60.651 -24.734
│   │   │   │                 12.908 -6.5119  8.4646    36.3  178.13  49.136  131.05 -20.403   45.23 -72.659  56.463 -195.99  62.906
│   │   │   │                -3.3956 -34.154  24.964  -64.48  91.683  131.05  57.197  99.994 -39.633 -54.822 -15.374 -20.192  24.964
│   │   │   │                 4.5883 -2.1348  3.5625 -58.877 -40.388 -20.403  99.994 -61.819  7.8363  63.481  31.031 -80.249  -75.55
│   │   │   │                 4.8028   19.74 -7.4752  66.191   33.37   45.23 -39.633  7.8363  14.778  7.5981 -3.0777  31.711 -11.342
│   │   │   │                -0.9438  60.291 -2.0007 -56.464  9.1602 -72.659 -54.822  63.481  7.5981 -14.588 -5.2534  134.18  14.293
│   │   │   │                -3.5932 -8.4809  3.6933 -14.424 -0.5309  56.463 -15.374  31.031 -3.0777 -5.2534  -10.03  0.9119  9.4933
│   │   │   │                -14.754 -96.496 -0.6408  508.65  60.651 -195.99 -20.192 -80.249  31.711  134.18  0.9119 -38.656 -108.21
│   │   │   │                 2.0636 -31.233 -4.3487  28.891 -24.734  62.906  24.964  -75.55 -11.342  14.293  9.4933 -108.21 -7.3128 ]
│   │   │   │   - <a href="matlab:opentoline('/home/ppolcz/_/8_published/LPV_L2/workspace/method4_authors_old_symbolical.m',218)">method4_authors_old_symbolical:218</a>
│   │   │   │   - <a href="matlab:opentoline('/home/ppolcz/_/8_published/LPV_L2/workspace/model2_ipend.m',198)">model2_ipend:198</a>
│   │   │   │    
│   │   │   │   Q2 =  = [     -3.705 -6.3751  2.0409  2.6615  16.539  3.1413  0.1924  7.8366   1.718  4.2698  2.3817 -0.2298   2.197
│   │   │   │                -6.3751 -21.591 -6.8088  24.028 -47.848  43.535 -5.6405  14.121  30.024  47.929  -8.632  1.3783 -50.614
│   │   │   │                 2.0409 -6.8088 -1.9465  0.0516  6.1575   2.023 -0.3028 -10.027  -1.087  3.8901  0.4155  0.0798  4.2725
│   │   │   │                 2.6615  24.028  0.0516 -96.421  117.02   100.3   38.47  85.603 -52.478 -110.66  31.992  7.4519  105.28
│   │   │   │                 16.539 -47.848  6.1575  117.02  119.95  87.922   0.604  36.647  -20.59 -39.311 -2.9244 -43.627  22.496
│   │   │   │                 3.1413  43.535   2.023   100.3  87.922  38.346  21.873 -5.2163  2.7668 -5.6877  1.1808  36.827 -8.5687
│   │   │   │                 0.1924 -5.6405 -0.3028   38.47   0.604  21.873  11.084  3.5172  12.106  64.535 -3.7262  5.4076 -55.984
│   │   │   │                 7.8366  14.121 -10.027  85.603  36.647 -5.2163  3.5172 -118.46  25.726  11.199  22.274  41.128 -12.734
│   │   │   │                  1.718  30.024  -1.087 -52.478  -20.59  2.7668  12.106  25.726 -1.2796  15.096  10.558  10.373 -17.388
│   │   │   │                 4.2698  47.929  3.8901 -110.66 -39.311 -5.6877  64.535  11.199  15.096 -1.0908 -10.439  20.997  2.2951
│   │   │   │                 2.3817  -8.632  0.4155  31.992 -2.9244  1.1808 -3.7262  22.274  10.558 -10.439 -17.351 -5.7348 -8.4211
│   │   │   │                -0.2298  1.3783  0.0798  7.4519 -43.627  36.827  5.4076  41.128  10.373  20.997 -5.7348  9.4344 -24.114
│   │   │   │                  2.197 -50.614  4.2725  105.28  22.496 -8.5687 -55.984 -12.734 -17.388  2.2951 -8.4211 -24.114 -25.625 ]
│   │   │   │   - <a href="matlab:opentoline('/home/ppolcz/_/8_published/LPV_L2/workspace/method4_authors_old_symbolical.m',218)">method4_authors_old_symbolical:218</a>
│   │   │   │   - <a href="matlab:opentoline('/home/ppolcz/_/8_published/LPV_L2/workspace/model2_ipend.m',198)">model2_ipend:198</a>
│   │   │   │    
│   │   │   │   Q3 =  = [     0.3481  0.2547  0.1075  -1.642 -0.0557  0.1921  3.2515 -2.8601 -0.9349 -1.1552  0.1341 -0.0464  1.1789
│   │   │   │                 0.2547 -0.1647  1.4839  2.4758 -0.9377  0.5003 -16.841  3.9234 -0.0424  0.3561  0.3697  0.2273 -0.1683
│   │   │   │                 0.1075  1.4839  4.5808  2.7935 -1.9113  0.9514  0.6851   12.21  1.4801  1.1385  1.1688   0.643  -2.076
│   │   │   │                 -1.642  2.4758  2.7935  -31.89  7.0838 -0.5302  9.7965 -6.6965 -5.1235 -0.1121 -1.3929 -2.7171 -2.1717
│   │   │   │                -0.0557 -0.9377 -1.9113  7.0838 -1.0148 -1.5222 -9.8068 -4.0239 -0.0139 -1.5825 -1.0728 -2.0289  2.1773
│   │   │   │                 0.1921  0.5003  0.9514 -0.5302 -1.5222  1.2446  3.7545 -1.5655  1.8223 -3.0508   0.259  1.2063  3.5061
│   │   │   │                 3.2515 -16.841  0.6851  9.7965 -9.8068  3.7545 -1.3069  2.2688 -0.5241  8.9112   0.815 -8.2271 -3.1241
│   │   │   │                -2.8601  3.9234   12.21 -6.6965 -4.0239 -1.5655  2.2688  7.6962  1.9444 -2.0568 -3.3666 -3.4679 -3.5952
│   │   │   │                -0.9349 -0.0424  1.4801 -5.1235 -0.0139  1.8223 -0.5241  1.9444 -0.9018  0.0911  0.6371  -2.586 -0.1942
│   │   │   │                -1.1552  0.3561  1.1385 -0.1121 -1.5825 -3.0508  8.9112 -2.0568  0.0911  1.3494  -0.487 -0.9732 -1.0201
│   │   │   │                 0.1341  0.3697  1.1688 -1.3929 -1.0728   0.259   0.815 -3.3666  0.6371  -0.487 -0.4892 -0.2826  0.7525
│   │   │   │                -0.0464  0.2273   0.643 -2.7171 -2.0289  1.2063 -8.2271 -3.4679  -2.586 -0.9732 -0.2826 -1.5148  1.0102
│   │   │   │                 1.1789 -0.1683  -2.076 -2.1717  2.1773  3.5061 -3.1241 -3.5952 -0.1942 -1.0201  0.7525  1.0102  0.7544 ]
│   │   │   │   - <a href="matlab:opentoline('/home/ppolcz/_/8_published/LPV_L2/workspace/method4_authors_old_symbolical.m',218)">method4_authors_old_symbolical:218</a>
│   │   │   │   - <a href="matlab:opentoline('/home/ppolcz/_/8_published/LPV_L2/workspace/model2_ipend.m',198)">model2_ipend:198</a>
│   │   │   │    
│   │   │   │   xw_lim = [      -2.000    2.000
│   │   │   │                   -0.400    0.400
│   │   │   │                   -1.200    1.200
│   │   │   │                   -1.000    1.000 ]
│   │   │   │   - <a href="matlab:opentoline('/home/ppolcz/_/8_published/LPV_L2/workspace/method4_authors_old_symbolical.m',221)">method4_authors_old_symbolical:221</a>
│   │   │   │   - <a href="matlab:opentoline('/home/ppolcz/_/8_published/LPV_L2/workspace/model2_ipend.m',198)">model2_ipend:198</a>
│   │   │   │    
│   │   │   │   p_lim = [       0.974    1.000
│   │   │   │                   0.921    1.000
│   │   │   │                  -0.467    0.467 ]
│   │   │   │   - <a href="matlab:opentoline('/home/ppolcz/_/8_published/LPV_L2/workspace/method4_authors_old_symbolical.m',222)">method4_authors_old_symbolical:222</a>
│   │   │   │   - <a href="matlab:opentoline('/home/ppolcz/_/8_published/LPV_L2/workspace/model2_ipend.m',198)">model2_ipend:198</a>
│   │   │   │    
│   │   │   │   dp_lim = [      -0.158    0.158
│   │   │   │                   -0.467    0.467
│   │   │   │                   -4.000    4.000 ]
│   │   │   │   - <a href="matlab:opentoline('/home/ppolcz/_/8_published/LPV_L2/workspace/method4_authors_old_symbolical.m',223)">method4_authors_old_symbolical:223</a>
│   │   │   │   - <a href="matlab:opentoline('/home/ppolcz/_/8_published/LPV_L2/workspace/model2_ipend.m',198)">model2_ipend:198</a>
{Error using <a href="matlab:matlab.internal.language.introspective.errorDocCallback('matlab.internal.datatypes.throwInstead', '/opt/MATLAB/R2019b/toolbox/shared/matlab_datatypes/+matlab/+internal/+datatypes/throwInstead.m', 7)" style="font-weight:bold">matlab.internal.datatypes.throwInstead</a> (<a href="matlab: opentoline('/opt/MATLAB/R2019b/toolbox/shared/matlab_datatypes/+matlab/+internal/+datatypes/throwInstead.m',7,0)">line 7</a>)
Input structure is a scalar, but its fields have different numbers of rows. If you intended to create a table with one row, set 'AsArray' to true.

Error in <a href="matlab:matlab.internal.language.introspective.errorDocCallback('struct2table', '/opt/MATLAB/R2019b/toolbox/matlab/datatypes/struct2table.m', 83)" style="font-weight:bold">struct2table</a> (<a href="matlab: opentoline('/opt/MATLAB/R2019b/toolbox/matlab/datatypes/struct2table.m',83,0)">line 83</a>)
            matlab.internal.datatypes.throwInstead(ME,'MATLAB:table:UnequalFieldLengths',message('MATLAB:struct2table:UnequalFieldLengths'));

Error in <a href="matlab:matlab.internal.language.introspective.errorDocCallback('store_results', '/home/ppolcz/_/8_published/LPV_L2/workspace/store_results.m', 42)" style="font-weight:bold">store_results</a> (<a href="matlab: opentoline('/home/ppolcz/_/8_published/LPV_L2/workspace/store_results.m',42,0)">line 42</a>)
Results = [ Results ; struct2table(s) ];

Error in <a href="matlab:matlab.internal.language.introspective.errorDocCallback('method4_authors_old_symbolical', '/home/ppolcz/_/8_published/LPV_L2/workspace/method4_authors_old_symbolical.m', 227)" style="font-weight:bold">method4_authors_old_symbolical</a> (<a href="matlab: opentoline('/home/ppolcz/_/8_published/LPV_L2/workspace/method4_authors_old_symbolical.m',227,0)">line 227</a>)
store_results('Results_All.csv',xw_lim,[],gamma,sol.solvertime,sol.info,'Polytopic a. with Finsler (old)',0)

Error in <a href="matlab:matlab.internal.language.introspective.errorDocCallback('model2_ipend', '/home/ppolcz/_/8_published/LPV_L2/workspace/model2_ipend.m', 198)" style="font-weight:bold">model2_ipend</a> (<a href="matlab: opentoline('/home/ppolcz/_/8_published/LPV_L2/workspace/model2_ipend.m',198,0)">line 198</a>)
method4_authors_old_symbolical(A_fh,B_fh,C_fh,D_fh,xw_lim,p_expr,p_lim,dp_lim,p_lims_comp,pdp_lims_comp);
} 
opentoline('/home/ppolcz/_/8_published/LPV_L2/workspace/store_results.m',42,0)
opentoline('/home/ppolcz/_/8_published/LPV_L2/workspace/method4_authors_old_symbolical.m',227,0)
opentoline('/home/ppolcz/_/8_published/LPV_L2/workspace/store_results.m',42,0)
opentoline('/home/ppolcz/_/8_published/LPV_L2/workspace/method4_authors_old_symbolical.m',227,0)
model2_ipend
