[  [INFO]  ] Output logging (with `diary'): results/qLPV_ipend_main-output-0331125646.txt
 
┌ <a href="matlab:edit('/home/ppolcz/_/8_published/LPV_L2/workspace/model2_ipend.m')">model2_ipend</a>
│   - Run ID = 2260
│   Model parameters:
│   
│   m = 1
│   M = 2
│   L = 1
│   g = 10
│   k = 5
│   I = 1.3333
│   State and input bounds:
│   
│   veloc_max = 2
│   theta_max = 0.4
│   omega_max = 1.2
│   w_max = 1
│   ----------------------------------------------------
│   - Stability check in random points
│   - Stability check in corner points
│   [   <strong>OK</strong>   ] A(p) was stable in all sample points
│    
│   ┌ <a href="matlab:edit('/home/ppolcz/_/8_published/LPV_L2/workspace/method5_proposed_approach.m')">method5_proposed_approach</a> called from <a href="matlab:opentoline('/home/ppolcz/_/8_published/LPV_L2/workspace/model2_ipend.m',203)">model2_ipend:203</a>
│   │    
│   │   ┌ <a href="matlab:opentoline('/home/ppolcz/_/8_published/LPV_L2/workspace/method5_proposed_approach.m',19)">method5_proposed_approach:19</a> - [<strong>model generation</strong>]
│   │   │    
│   │   │   ┌ <a href="matlab:opentoline('/home/ppolcz/_/8_published/LPV_L2/workspace/method5_proposed_approach.m',45)">method5_proposed_approach:45</a> (<a href="matlab:opentoline('/home/ppolcz/_/7_ftools/utilities/symbolical/pcz_lfrzero_report.m',0)">pcz_lfrzero_report</a>) - [<strong>Generator form (m = 15) of [ A(p) ; C(p) ] is OK</strong>]
│   │   │   │   [  [INFO]  ] Tolerance: 1e-10.
│   │   │   │   - Maximal variance: 2.4548e-16
│   │   │   │   ----------------------------------------------------
│   │   │   │   [   <strong>OK</strong>   ] Generator form (m = 15) of [ A(p) ; C(p) ] is OK
│   │   │   └ 0.026558 [sec]
│   │   │    
│   │   │   ┌ <a href="matlab:edit('/home/ppolcz/_/7_ftools/ftools/v11/P_mingen_for_LFR.m')">P_mingen_for_LFR</a> called from <a href="matlab:opentoline('/home/ppolcz/_/8_published/LPV_L2/workspace/method5_proposed_approach.m',48)">method5_proposed_approach:48</a>
│   │   │   │    
│   │   │   │   ┌ <a href="matlab:edit('/home/ppolcz/_/7_ftools/ftools/v11/P_constKer_for_LFR.m')">P_constKer_for_LFR</a> called from <a href="matlab:opentoline('/home/ppolcz/_/7_ftools/ftools/v11/P_mingen_for_LFR.m',61)">P_mingen_for_LFR:61</a>
│   │   │   │   │   - Kernel computed for M: 18x18, where (18 = 6*3)
│   │   │   │   │   - Error computed for M: 36x18, where (36 = 12*3). Error: 6.881427e-16
│   │   │   │   └ 0.61752 [sec]
│   │   │   └ 1.5332 [sec]
│   │   │    
│   │   │   ┌ <a href="matlab:opentoline('/home/ppolcz/_/8_published/LPV_L2/workspace/method5_proposed_approach.m',50)">method5_proposed_approach:50</a> (<a href="matlab:opentoline('/home/ppolcz/_/7_ftools/utilities/symbolical/pcz_lfrzero_report.m',0)">pcz_lfrzero_report</a>) - [<strong>Minimal generator form of [ A(p) ; C(p) ] is OK</strong>]
│   │   │   │   [  [INFO]  ] Tolerance: 1e-10.
│   │   │   │   - Maximal variance: 3.16192e-16
│   │   │   │   ----------------------------------------------------
│   │   │   │   [   <strong>OK</strong>   ] Minimal generator form of [ A(p) ; C(p) ] is OK
│   │   │   └ 0.019179 [sec]
│   │   │    
│   │   │   ┌ <a href="matlab:opentoline('/home/ppolcz/_/8_published/LPV_L2/workspace/method5_proposed_approach.m',63)">method5_proposed_approach:63</a> (<a href="matlab:opentoline('/home/ppolcz/_/7_ftools/utilities/symbolical/pcz_lfrzero_report.m',0)">pcz_lfrzero_report</a>) - [<strong>Generator form of [ B(p) ; D(p) ] is OK</strong>]
│   │   │   │   [  [INFO]  ] Tolerance: 1e-10.
│   │   │   │   - Maximal variance: 1.44698e-17
│   │   │   │   ----------------------------------------------------
│   │   │   │   [   <strong>OK</strong>   ] Generator form of [ B(p) ; D(p) ] is OK
│   │   │   └ 0.017619 [sec]
│   │   │    
│   │   │   ┌ <a href="matlab:edit('/home/ppolcz/_/7_ftools/ftools/v11/P_mingen_for_LFR.m')">P_mingen_for_LFR</a> called from <a href="matlab:opentoline('/home/ppolcz/_/8_published/LPV_L2/workspace/method5_proposed_approach.m',66)">method5_proposed_approach:66</a>
│   │   │   │    
│   │   │   │   ┌ <a href="matlab:edit('/home/ppolcz/_/7_ftools/ftools/v11/P_constKer_for_LFR.m')">P_constKer_for_LFR</a> called from <a href="matlab:opentoline('/home/ppolcz/_/7_ftools/ftools/v11/P_mingen_for_LFR.m',61)">P_mingen_for_LFR:61</a>
│   │   │   │   │   - Kernel computed for M: 4x4, where (4 = 4*1)
│   │   │   │   │   - Error computed for M: 8x4, where (8 = 8*1). Error: 3.642004e-17
│   │   │   │   └ 0.30183 [sec]
│   │   │   └ 0.75544 [sec]
│   │   │    
│   │   │   ┌ <a href="matlab:opentoline('/home/ppolcz/_/8_published/LPV_L2/workspace/method5_proposed_approach.m',68)">method5_proposed_approach:68</a> (<a href="matlab:opentoline('/home/ppolcz/_/7_ftools/utilities/symbolical/pcz_lfrzero_report.m',0)">pcz_lfrzero_report</a>) - [<strong>Minimal generator form of [ B(p) ; D(p) ] is OK</strong>]
│   │   │   │   [  [INFO]  ] Tolerance: 1e-10.
│   │   │   │   - Maximal variance: 1.55111e-17
│   │   │   │   ----------------------------------------------------
│   │   │   │   [   <strong>OK</strong>   ] Minimal generator form of [ B(p) ; D(p) ] is OK
│   │   │   └ 0.010771 [sec]
│   │   │    
│   │   │   ┌ <a href="matlab:edit('/home/ppolcz/_/7_ftools/ftools/v11/P_mingen_for_LFR.m')">P_mingen_for_LFR</a> called from <a href="matlab:opentoline('/home/ppolcz/_/8_published/LPV_L2/workspace/method5_proposed_approach.m',104)">method5_proposed_approach:104</a>
│   │   │   │    
│   │   │   │   ┌ <a href="matlab:edit('/home/ppolcz/_/7_ftools/ftools/v11/P_constKer_for_LFR.m')">P_constKer_for_LFR</a> called from <a href="matlab:opentoline('/home/ppolcz/_/7_ftools/ftools/v11/P_mingen_for_LFR.m',61)">P_mingen_for_LFR:61</a>
│   │   │   │   │   - Kernel computed for M: 48x46, where (48 = 12*4)
│   │   │   │   │   - Error computed for M: 96x46, where (96 = 24*4). Error: 8.303758e-15
│   │   │   │   └ 0.85903 [sec]
│   │   │   │   - Rank decision tolerance for `rref' increased to 1.02141e-13
│   │   │   │   - Rank decision tolerance for `rref' increased to 1.02141e-12
│   │   │   └ 2.2949 [sec]
│   │   │    
│   │   │   ┌ <a href="matlab:opentoline('/home/ppolcz/_/8_published/LPV_L2/workspace/method5_proposed_approach.m',105)">method5_proposed_approach:105</a> (<a href="matlab:opentoline('/home/ppolcz/_/7_ftools/utilities/symbolical/pcz_fhzero_report.m',0)">pcz_fhzero_report</a>) - [<strong>Minimal generator for PI_a(p) is OK</strong>]
│   │   │   │   [  [INFO]  ] Tolerance: 1e-10.
│   │   │   │   - Maximal difference: 1.57034e-11
│   │   │   │   ----------------------------------------------------
│   │   │   │   [   <strong>OK</strong>   ] Minimal generator for PI_a(p) is OK
│   │   │   └ 0.037242 [sec]
│   │   │    
│   │   │   ┌ <a href="matlab:edit('/home/ppolcz/_/7_ftools/ftools/v11/P_affine_annihilator_for_LFR.m')">P_affine_annihilator_for_LFR</a> called from <a href="matlab:opentoline('/home/ppolcz/_/8_published/LPV_L2/workspace/method5_proposed_approach.m',131)">method5_proposed_approach:131</a>
│   │   │   │    
│   │   │   │   ┌ <a href="matlab:edit('/home/ppolcz/_/7_ftools/ftools/v11/P_constKer_for_LFR.m')">P_constKer_for_LFR</a> called from <a href="matlab:opentoline('/home/ppolcz/_/7_ftools/ftools/v11/P_affine_annihilator_for_LFR.m',51)">P_affine_annihilator_for_LFR:51</a>
│   │   │   │   │   - Kernel computed for M: 54x52, where (54 = 18*3)
│   │   │   │   │   - Error computed for M: 108x52, where (108 = 36*3). Error: 8.555657e-15
│   │   │   │   └ 0.59905 [sec]
│   │   │   └ 1.5973 [sec]
│   │   │    
│   │   │   ┌ <a href="matlab:opentoline('/home/ppolcz/_/8_published/LPV_L2/workspace/method5_proposed_approach.m',132)">method5_proposed_approach:132</a> (<a href="matlab:opentoline('/home/ppolcz/_/7_ftools/utilities/symbolical/pcz_lfrzero_report.m',0)">pcz_lfrzero_report</a>) - [<strong>Annihilator N</strong>]
│   │   │   │   [  [INFO]  ] Tolerance: 8.55566e-15.
│   │   │   │   - Maximal variance: 5.51373e-15
│   │   │   │   ----------------------------------------------------
│   │   │   │   [   <strong>OK</strong>   ] Annihilator N
│   │   │   └ 0.014551 [sec]
│   │   │    
│   │   │   ┌ <a href="matlab:edit('/home/ppolcz/_/7_ftools/ftools/v11/P_affine_annihilator_for_LFR.m')">P_affine_annihilator_for_LFR</a> called from <a href="matlab:opentoline('/home/ppolcz/_/8_published/LPV_L2/workspace/method5_proposed_approach.m',136)">method5_proposed_approach:136</a>
│   │   │   │    
│   │   │   │   ┌ <a href="matlab:edit('/home/ppolcz/_/7_ftools/ftools/v11/P_constKer_for_LFR.m')">P_constKer_for_LFR</a> called from <a href="matlab:opentoline('/home/ppolcz/_/7_ftools/ftools/v11/P_affine_annihilator_for_LFR.m',51)">P_affine_annihilator_for_LFR:51</a>
│   │   │   │   │   - Kernel computed for M: 252x252, where (252 = 63*4)
│   │   │   │   │   - Error computed for M: 504x252, where (504 = 126*4). Error: 8.891759e-14
│   │   │   │   └ 2.1923 [sec]
│   │   │   └ 5.4901 [sec]
│   │   │    
│   │   │   ┌ <a href="matlab:opentoline('/home/ppolcz/_/8_published/LPV_L2/workspace/method5_proposed_approach.m',137)">method5_proposed_approach:137</a> (<a href="matlab:opentoline('/home/ppolcz/_/7_ftools/utilities/symbolical/pcz_lfrzero_report.m',0)">pcz_lfrzero_report</a>) - [<strong>Annihilator Na</strong>]
│   │   │   │   [  [INFO]  ] Tolerance: 8.89176e-14.
│   │   │   │   - Maximal variance: 2.40159e-14
│   │   │   │   ----------------------------------------------------
│   │   │   │   [   <strong>OK</strong>   ] Annihilator Na
│   │   │   └ 0.033998 [sec]
│   │   │   - nr. of variables: 2347
│   │   │    
│   │   │   ┌ <a href="matlab:opentoline('/home/ppolcz/_/8_published/LPV_L2/workspace/method5_proposed_approach.m',188)">method5_proposed_approach:188</a> - [<strong>Solve LMIs</strong>]
Problem
  Name                   :                 
  Objective sense        : min             
  Type                   : CONIC (conic optimization problem)
  Constraints            : 2347            
  Cones                  : 0               
  Scalar variables       : 1               
  Matrix variables       : 72              
  Integer variables      : 0               

Optimizer started.
Presolve started.
Linear dependency checker started.
Linear dependency checker terminated.
Eliminator - tries                  : 0                 time                   : 0.00            
Lin. dep.  - tries                  : 1                 time                   : 0.00            
Lin. dep.  - number                 : 0               
Presolve terminated. Time: 0.03    
Problem
  Name                   :                 
  Objective sense        : min             
  Type                   : CONIC (conic optimization problem)
  Constraints            : 2347            
  Cones                  : 0               
  Scalar variables       : 1               
  Matrix variables       : 72              
  Integer variables      : 0               

Optimizer  - threads                : 4               
Optimizer  - solved problem         : the primal      
Optimizer  - Constraints            : 2347
Optimizer  - Cones                  : 0
Optimizer  - Scalar variables       : 1                 conic                  : 0               
Optimizer  - Semi-definite variables: 72                scalarized             : 43352           
Factor     - setup time             : 1.53              dense det. time        : 0.00            
Factor     - ML order time          : 0.17              GP order time          : 0.00            
Factor     - nonzeros before factor : 2.43e+06          after factor           : 2.43e+06        
Factor     - dense dim.             : 0                 flops                  : 1.75e+10        
ITE PFEAS    DFEAS    GFEAS    PRSTATUS   POBJ              DOBJ              MU       TIME  
0   6.4e+01  1.5e+00  3.1e+01  0.00e+00   -1.280020805e+02  0.000000000e+00   1.0e+00  2.26  
1   3.4e+01  7.9e-01  1.6e+01  -8.10e+00  -1.669730801e+01  -1.788093073e-01  5.3e-01  19.33 
2   4.9e+00  1.1e-01  8.5e-01  -9.20e-01  -6.537160735e+01  -6.142931817e+00  7.6e-02  28.22 
3   6.8e-01  1.6e-02  8.3e-01  6.10e-01   -5.455494698e+00  -3.242117279e+00  1.1e-02  37.08 
4   1.3e-01  3.0e-03  6.8e-01  2.27e+00   -1.235407057e+00  -1.078182646e+00  2.0e-03  45.99 
5   1.7e-02  3.9e-04  4.7e-01  1.21e+00   -8.537382967e-01  -8.383968813e-01  2.6e-04  54.71 
6   2.9e-03  6.8e-05  2.5e-01  7.73e-01   -8.039942884e-01  -8.010002388e-01  4.5e-05  63.41 
7   1.3e-03  3.1e-05  1.5e-01  6.44e-01   -7.964536246e-01  -7.947340965e-01  2.1e-05  71.92 
8   3.8e-04  8.8e-06  6.4e-02  5.99e-01   -7.895885012e-01  -7.889449444e-01  5.9e-06  80.45 
9   6.5e-05  1.5e-06  1.7e-02  4.41e-01   -7.840613975e-01  -7.838760469e-01  1.0e-06  89.14 
10  6.2e-05  1.4e-06  1.6e-02  6.59e-02   -7.838986260e-01  -7.837158492e-01  9.6e-07  97.81 
11  3.6e-05  8.5e-07  9.4e-03  3.19e-02   -7.818626728e-01  -7.817070366e-01  5.6e-07  106.50
12  1.2e-05  2.9e-07  3.5e-03  4.48e-02   -7.782570482e-01  -7.781611637e-01  1.9e-07  115.29
13  2.2e-06  5.3e-08  7.0e-04  3.49e-02   -7.725923737e-01  -7.725519620e-01  3.4e-08  124.20
14  1.7e-06  4.0e-08  5.5e-04  -3.98e-02  -7.714514244e-01  -7.714145357e-01  2.6e-08  132.90
15  4.5e-07  1.1e-08  1.9e-04  7.37e-02   -7.672515299e-01  -7.672345713e-01  6.7e-09  141.70
16  1.6e-07  3.8e-09  9.0e-05  3.30e-01   -7.646461200e-01  -7.646376133e-01  2.4e-09  150.39
17  7.2e-08  1.7e-09  5.3e-05  4.40e-01   -7.628560217e-01  -7.628512144e-01  1.1e-09  158.91
18  4.0e-08  9.5e-10  3.5e-05  4.85e-01   -7.615704524e-01  -7.615672729e-01  6.4e-10  167.38
19  1.9e-08  3.9e-10  2.0e-05  5.21e-01   -7.600339116e-01  -7.600323649e-01  2.8e-10  175.91
20  7.8e-09  3.2e-10  6.7e-06  5.45e-01   -7.581388686e-01  -7.581385297e-01  4.7e-11  184.59
21  7.8e-09  3.2e-10  6.7e-06  -6.18e-01  -7.581388686e-01  -7.581385297e-01  4.7e-11  193.63
Optimizer terminated. Time: 194.40  


Interior-point solution summary
  Problem status  : PRIMAL_AND_DUAL_FEASIBLE
  Solution status : OPTIMAL
  Primal.  obj: -7.5813886860e-01   nrm: 1e+00    Viol.  con: 3e-05    var: 0e+00    barvar: 0e+00  
  Dual.    obj: -7.5813852963e-01   nrm: 1e+03    Viol.  con: 0e+00    var: 6e-11    barvar: 2e-08  
Optimizer summary
  Optimizer                 -                        time: 194.40  
    Interior-point          - iterations : 22        time: 194.29  
      Basis identification  -                        time: 0.00    
        Primal              - iterations : 0         time: 0.00    
        Dual                - iterations : 0         time: 0.00    
        Clean primal        - iterations : 0         time: 0.00    
        Clean dual          - iterations : 0         time: 0.00    
    Simplex                 -                        time: 0.00    
      Primal simplex        - iterations : 0         time: 0.00    
      Dual simplex          - iterations : 0         time: 0.00    
    Mixed integer           - relaxations: 0         time: 0.00    

│   │   │   │   [   <strong>OK</strong>   ] Successfully solved (MOSEK). Solver time: <strong>195.436</strong>
│   │   │   │   [   <strong>OK</strong>   ] The solution is feasible. Tolerance: 1e-06.
│   │   │   │    
│   │   │   │   - Model: ipend(1,2,1,10,5;2,0.4,1.2;1)
│   │   │   │   - Overall time: 232.334
│   │   │   │   - <strong>Gamma = 0.870712</strong> 
│   │   │   │   - size(N)  =  14, size(PI)   =  13
│   │   │   │   - size(Na) =  50, size(PI_a) =  36
│   │   │   │   - Saved to workspace: Q, dQ, PI_x, gamma
│   │   │   │    
│   │   │   │   Q0 =  = [     7.2429   9.086 -3.5166  10.961  9.4433  2.7536   2.616 -23.171 -18.459 -2.2078  0.0847 -13.989 -0.3776
│   │   │   │                  9.086  112.12  -1.281 -145.07 -123.69 -63.596 -19.402  -107.7 -32.212 -137.84 -7.2551  56.459  56.739
│   │   │   │                -3.5166  -1.281  0.4185   9.551 -3.9062 -3.1041 -26.858 -15.633  4.1869  9.7888  9.4228  5.2627 -4.7971
│   │   │   │                 10.961 -145.07   9.551 -72.553     310  399.92  2.1872  188.65  44.679   148.5    6.53 -96.715 -66.871
│   │   │   │                 9.4433 -123.69 -3.9062     310 -63.636  77.447 -67.701  16.488 -3.0807 -24.848  8.7721 -232.38 -45.314
│   │   │   │                 2.7536 -63.596 -3.1041  399.92  77.447 -91.056 -107.61 -16.004  73.593  118.08  2.6729  46.187 -12.796
│   │   │   │                  2.616 -19.402 -26.858  2.1872 -67.701 -107.61  -27.82 -203.09  5.5647  -15.11 -6.2483 -12.424  -44.07
│   │   │   │                -23.171  -107.7 -15.633  188.65  16.488 -16.004 -203.09  37.038  56.628 -67.347 -1.6782  -32.89  298.25
│   │   │   │                -18.459 -32.212  4.1869  44.679 -3.0807  73.593  5.5647  56.628 -15.467 -12.427 -11.358  -34.83  1.7106
│   │   │   │                -2.2078 -137.84  9.7888   148.5 -24.848  118.08  -15.11 -67.347 -12.427  44.085   1.111 -114.76  16.132
│   │   │   │                 0.0847 -7.2551  9.4228    6.53  8.7721  2.6729 -6.2483 -1.6782 -11.358   1.111 -8.3714 -8.0205 -4.4674
│   │   │   │                -13.989  56.459  5.2627 -96.715 -232.38  46.187 -12.424  -32.89  -34.83 -114.76 -8.0205  131.64  137.85
│   │   │   │                -0.3776  56.739 -4.7971 -66.871 -45.314 -12.796  -44.07  298.25  1.7106  16.132 -4.4674  137.85   17.16 ]
│   │   │   │   - <a href="matlab:opentoline('/home/ppolcz/_/8_published/LPV_L2/workspace/method5_proposed_approach.m',216)">method5_proposed_approach:216</a>
│   │   │   │   - <a href="matlab:opentoline('/home/ppolcz/_/8_published/LPV_L2/workspace/model2_ipend.m',203)">model2_ipend:203</a>
│   │   │   │    
│   │   │   │   Q1 =  = [    -1.7566 -3.7228  0.8591 -20.178  -1.841  17.967 -9.9763  12.997  5.3717 -0.9801  0.2604 -10.416  0.8905
│   │   │   │                -3.7228 -69.323 -0.2658  177.05  83.159  87.448 -28.823  2.0785  5.1685  49.853  12.985 -65.707 -38.438
│   │   │   │                 0.8591 -0.2658  3.1191 -7.5974  0.4465  1.0954  25.756 -2.1868 -3.6435  0.9135  2.7917 -9.1923 -6.5337
│   │   │   │                -20.178  177.05 -7.5974  -211.3 -210.26 -446.17  23.651 -39.858  34.732 -73.954  6.1274  153.03  56.772
│   │   │   │                 -1.841  83.159  0.4465 -210.26 -76.772 -71.267  43.639  7.5836  17.174 -17.843  17.461  168.42 -6.1616
│   │   │   │                 17.967  87.448  1.0954 -446.17 -71.267 -29.182  118.41  10.583 -15.144 -40.984  2.2379 -30.221  16.164
│   │   │   │                -9.9763 -28.823  25.756  23.651  43.639  118.41  50.762  101.21 -8.9677 -38.452  18.495 -1.0218  15.858
│   │   │   │                 12.997  2.0785 -2.1868 -39.858  7.5836  10.583  101.21 -88.911 -2.3794  65.201  0.2559 -12.595 -79.664
│   │   │   │                 5.3717  5.1685 -3.6435  34.732  17.174 -15.144 -8.9677 -2.3794 -3.6358  8.2149 -3.0223  43.885 -10.219
│   │   │   │                -0.9801  49.853  0.9135 -73.954 -17.843 -40.984 -38.452  65.201  8.2149 -12.137  3.0487  140.78   6.078
│   │   │   │                 0.2604  12.985  2.7917  6.1274  17.461  2.2379  18.495  0.2559 -3.0223  3.0487  6.4393    10.8 -6.8656
│   │   │   │                -10.416 -65.707 -9.1923  153.03  168.42 -30.221 -1.0218 -12.595  43.885  140.78    10.8 -36.673 -120.92
│   │   │   │                 0.8905 -38.438 -6.5337  56.772 -6.1616  16.164  15.858 -79.664 -10.219   6.078 -6.8656 -120.92  6.9467 ]
│   │   │   │   - <a href="matlab:opentoline('/home/ppolcz/_/8_published/LPV_L2/workspace/method5_proposed_approach.m',216)">method5_proposed_approach:216</a>
│   │   │   │   - <a href="matlab:opentoline('/home/ppolcz/_/8_published/LPV_L2/workspace/model2_ipend.m',203)">model2_ipend:203</a>
│   │   │   │    
│   │   │   │   Q2 =  = [    -0.9859 -13.947  2.5189  2.9338  28.518  13.124 -0.0495  3.7489 -7.4388  1.1919   2.499   1.657 -1.6062
│   │   │   │                -13.947 -74.475 -9.0631  40.687   82.57  79.171 -30.715  112.26  5.2215  71.888  1.8756  17.299 -29.232
│   │   │   │                 2.5189 -9.0631  -5.172 -0.9431  5.2945  4.8649  1.5908 -7.3139  0.5152  -0.245  -5.098  1.2706 -6.0704
│   │   │   │                 2.9338  40.687 -0.9431 -38.883 -231.62  25.408   35.17  -139.5 -82.695 -91.937 -1.9298   44.59  56.618
│   │   │   │                 28.518   82.57  5.2945 -231.62 -8.9759  67.828  25.444 -78.492   26.07 -52.297  9.5986  10.309  92.696
│   │   │   │                 13.124  79.171  4.8649  25.408  67.828 -1.0804  14.549  14.648  35.857  0.5837  3.9003 -20.839  61.889
│   │   │   │                -0.0495 -30.715  1.5908   35.17  25.444  14.549  4.2483  16.213 -27.949  67.176  7.4743  30.596 -55.086
│   │   │   │                 3.7489  112.26 -7.3139  -139.5 -78.492  14.648  16.213  89.545  60.832 -6.2751 -5.5851 -32.525 -41.093
│   │   │   │                -7.4388  5.2215  0.5152 -82.695   26.07  35.857 -27.949  60.832  182.71  13.274  5.8585  53.502  4.1476
│   │   │   │                 1.1919  71.888  -0.245 -91.937 -52.297  0.5837  67.176 -6.2751  13.274 -20.217  0.9226  48.786 -2.6233
│   │   │   │                  2.499  1.8756  -5.098 -1.9298  9.5986  3.9003  7.4743 -5.5851  5.8585  0.9226 -19.358  11.702 -1.9322
│   │   │   │                  1.657  17.299  1.2706   44.59  10.309 -20.839  30.596 -32.525  53.502  48.786  11.702  -59.11   0.712
│   │   │   │                -1.6062 -29.232 -6.0704  56.618  92.696  61.889 -55.086 -41.093  4.1476 -2.6233 -1.9322   0.712  -41.78 ]
│   │   │   │   - <a href="matlab:opentoline('/home/ppolcz/_/8_published/LPV_L2/workspace/method5_proposed_approach.m',216)">method5_proposed_approach:216</a>
│   │   │   │   - <a href="matlab:opentoline('/home/ppolcz/_/8_published/LPV_L2/workspace/model2_ipend.m',203)">model2_ipend:203</a>
│   │   │   │    
│   │   │   │   Q3 =  = [     0.0838  0.0689  0.6536 -0.3137  -0.175  0.1798 -1.4953  0.7697 -0.3697 -0.4289  0.2086  0.1429  0.4307
│   │   │   │                 0.0689 -0.3574   4.147 -0.1784  1.1007  1.3248   0.096   7.788  0.5349 -0.1529 -0.7192 -0.9592  0.3755
│   │   │   │                 0.6536   4.147  6.2845  2.0603  1.8252   0.058 -3.4877 -1.4881 -1.5089 -0.4367    1.94  1.8999 -2.1056
│   │   │   │                -0.3137 -0.1784  2.0603  3.8073  1.4899   -4.88 -2.4331  0.0631 -1.6606  2.8712  1.7726  2.4031 -3.7015
│   │   │   │                 -0.175  1.1007  1.8252  1.4899   -2.86 -5.7639 -17.661 -5.3823 -2.4716   1.229  1.6478  2.1002 -1.5018
│   │   │   │                 0.1798  1.3248   0.058   -4.88 -5.7639  1.6964 -4.6527  2.9933 -0.2726 -3.3889  2.0206 -0.6471  3.3438
│   │   │   │                -1.4953   0.096 -3.4877 -2.4331 -17.661 -4.6527 -1.0113  1.5337 -9.2076 -0.9517 -2.6279 -3.2623  1.0742
│   │   │   │                 0.7697   7.788 -1.4881  0.0631 -5.3823  2.9933  1.5337 -6.2036  1.5864 -1.5384 -5.8701 -1.5461  2.8462
│   │   │   │                -0.3697  0.5349 -1.5089 -1.6606 -2.4716 -0.2726 -9.2076  1.5864 -0.0901  0.2338  -0.449 -0.8848 -0.2277
│   │   │   │                -0.4289 -0.1529 -0.4367  2.8712   1.229 -3.3889 -0.9517 -1.5384  0.2338  2.4485  3.2383  1.3902 -1.9675
│   │   │   │                 0.2086 -0.7192    1.94  1.7726  1.6478  2.0206 -2.6279 -5.8701  -0.449  3.2383  0.5475  1.0049 -3.0948
│   │   │   │                 0.1429 -0.9592  1.8999  2.4031  2.1002 -0.6471 -3.2623 -1.5461 -0.8848  1.3902  1.0049 -2.3845  -1.098
│   │   │   │                 0.4307  0.3755 -2.1056 -3.7015 -1.5018  3.3438  1.0742  2.8462 -0.2277 -1.9675 -3.0948  -1.098  1.5559 ]
│   │   │   │   - <a href="matlab:opentoline('/home/ppolcz/_/8_published/LPV_L2/workspace/method5_proposed_approach.m',216)">method5_proposed_approach:216</a>
│   │   │   │   - <a href="matlab:opentoline('/home/ppolcz/_/8_published/LPV_L2/workspace/model2_ipend.m',203)">model2_ipend:203</a>
│   │   │   │    
│   │   │   │   p_lim = [       0.974    1.000
│   │   │   │                   0.921    1.000
│   │   │   │                  -0.467    0.467 ]
│   │   │   │   - <a href="matlab:opentoline('/home/ppolcz/_/8_published/LPV_L2/workspace/method5_proposed_approach.m',219)">method5_proposed_approach:219</a>
│   │   │   │   - <a href="matlab:opentoline('/home/ppolcz/_/8_published/LPV_L2/workspace/model2_ipend.m',203)">model2_ipend:203</a>
│   │   │   │    
│   │   │   │   dp_lim = [      -0.158    0.158
│   │   │   │                   -0.467    0.467
│   │   │   │                   -4.000    4.000 ]
│   │   │   │   - <a href="matlab:opentoline('/home/ppolcz/_/8_published/LPV_L2/workspace/method5_proposed_approach.m',220)">method5_proposed_approach:220</a>
│   │   │   │   - <a href="matlab:opentoline('/home/ppolcz/_/8_published/LPV_L2/workspace/model2_ipend.m',203)">model2_ipend:203</a>
│   │   │   │   - Results stored in `results/Results_All.csv'
│   │   │   │              Model: 'ipend(1,2,1,10,5;2,0.4,1.2;1)'
│   │   │   │              Stamp: '2020.03.31. Tuesday 13:00:41 id:2260'
│   │   │   │              Lower: 0
│   │   │   │              Upper: 0.8707
│   │   │   │        Solver_Time: 195.4365
│   │   │   │       Overall_Time: 232.3339
│   │   │   │        Solver_Info: 'Successfully solved (MOSEK)'
│   │   │   │             Method: 'Polytopic a. with Finsler'
│   │   │   │   
│   │   │   │   
│   │   │   │   
│   │   │   └ 202.0455 [sec]
│   │   └ 234.1076 [sec]
│   │    
│   │   ┌ <a href="matlab:opentoline('/home/ppolcz/_/8_published/LPV_L2/workspace/helper_generate_isosurface_method5.m',10)">helper_generate_isosurface_method5:10</a> - [<strong>Generate iso-surface of the Lyapunov/storage function</strong>]
{Error using <a href="matlab:matlab.internal.language.introspective.errorDocCallback('sym/subsindex', '/opt/MATLAB/R2019b/toolbox/symbolic/symbolic/@sym/sym.m', 855)" style="font-weight:bold">sym/subsindex</a> (<a href="matlab: opentoline('/opt/MATLAB/R2019b/toolbox/symbolic/symbolic/@sym/sym.m',855,0)">line 855</a>)
Invalid indexing or function definition. Indexing must follow MATLAB indexing. Function arguments must be symbolic variables, and function body must be sym expression.

Error in <a href="matlab:matlab.internal.language.introspective.errorDocCallback('plfr/subsref', '/home/ppolcz/_/7_ftools/ftools/v11/@plfr/subsref.m', 37)" style="font-weight:bold">plfr/subsref</a> (<a href="matlab: opentoline('/home/ppolcz/_/7_ftools/ftools/v11/@plfr/subsref.m',37,0)">line 37</a>)
            [varargout{:}] = builtin('subsref', pLFR, S);

Error in <a href="matlab:matlab.internal.language.introspective.errorDocCallback('helper_generate_isosurface_method5', '/home/ppolcz/_/8_published/LPV_L2/workspace/helper_generate_isosurface_method5.m', 18)" style="font-weight:bold">helper_generate_isosurface_method5</a> (<a href="matlab: opentoline('/home/ppolcz/_/8_published/LPV_L2/workspace/helper_generate_isosurface_method5.m',18,0)">line 18</a>)
PI_x_subs = subs(PI_x(p_expr));

Error in <a href="matlab:matlab.internal.language.introspective.errorDocCallback('model2_ipend', '/home/ppolcz/_/8_published/LPV_L2/workspace/model2_ipend.m', 204)" style="font-weight:bold">model2_ipend</a> (<a href="matlab: opentoline('/home/ppolcz/_/8_published/LPV_L2/workspace/model2_ipend.m',204,0)">line 204</a>)
helper_generate_isosurface_method5(Q,PI_x,gamma,p_expr,xw_lim(1:nx,:),[1,1,1]*101);
} 
opentoline('/home/ppolcz/_/8_published/LPV_L2/workspace/model2_ipend.m',204,0)
opentoline('/home/ppolcz/_/8_published/LPV_L2/workspace/helper_generate_isosurface_method5.m',18,0)
PI_x

PI_x = 

Symbolical value (2-norm err of M = 7.850462e-17):

[               1,                   0,                   0]
[               0,                   1,                   0]
[               0,                   0,                   1]
[               0, -(p1*p2)/(p2^2 - 7),                   0]
[               0,      -p1/(p2^2 - 7),                   0]
[               0,      -p2/(p2^2 - 7),                   0]
[               0,                   0,     p2^2/(p2^2 - 7)]
[               0,                   0,       p2/(p2^2 - 7)]
[  -p2/(p2^2 - 7),                   0,                   0]
[               0,                   0, -(p2*p3)/(p2^2 - 7)]
[ p2^2/(p2^2 - 7),                   0,                   0]
[               0,     p2^2/(p2^2 - 7),                   0]
[               0,                   0,      -p3/(p2^2 - 7)]
 
PLFR object (13 x 3), uncertainty block: (15 x 15)
Dimensions: ny = 13, nu = 3, m1 = 15.
-- 
Uncertainty blocks (globally (15 x 15)):
 Name  Dims  Type   Real/Cplx   Full/Scal   Bounds             Rate Bounds
 p1    2x2   LTI       r           s        [0.97355,1]        [-0.15745,0.15745]
 p2    11x11 LTI       r           s        [0.92106,1]        [-0.4673,0.4673]
 p3    2x2   LTI       r           s        [-0.4673,0.4673]   [-4,4]
Blocks (vars):        p1, p2, p3 (sym)
Function handle args: @(p1,p2,p3)
p_expr
 
p_expr =
 
 sin(x2)/x2
    cos(x2)
 x3*sin(x2)
 
PI_x(p_expr)
{Error using <a href="matlab:matlab.internal.language.introspective.errorDocCallback('sym/subsindex', '/opt/MATLAB/R2019b/toolbox/symbolic/symbolic/@sym/sym.m', 855)" style="font-weight:bold">sym/subsindex</a> (<a href="matlab: opentoline('/opt/MATLAB/R2019b/toolbox/symbolic/symbolic/@sym/sym.m',855,0)">line 855</a>)
Invalid indexing or function definition. Indexing must follow MATLAB indexing. Function arguments must be symbolic variables, and function body must be sym expression.

Error in <a href="matlab:matlab.internal.language.introspective.errorDocCallback('plfr/subsref', '/home/ppolcz/_/7_ftools/ftools/v11/@plfr/subsref.m', 39)" style="font-weight:bold">plfr/subsref</a> (<a href="matlab: opentoline('/home/ppolcz/_/7_ftools/ftools/v11/@plfr/subsref.m',39,0)">line 39</a>)
            builtin('subsref', pLFR, S);
} 
opentoline('/home/ppolcz/_/7_ftools/ftools/v11/@plfr/subsref.m',39,0)
PI_x(p_expr)
{Undefined function 'issym' for input arguments of type 'sym'.

Error in <a href="matlab:matlab.internal.language.introspective.errorDocCallback('plfr/subsref', '/home/ppolcz/_/7_ftools/ftools/v11/@plfr/subsref.m', 16)" style="font-weight:bold">plfr/subsref</a> (<a href="matlab: opentoline('/home/ppolcz/_/7_ftools/ftools/v11/@plfr/subsref.m',16,0)">line 16</a>)
        if isnumeric(S.subs{1}) || issym(S.subs{1})
} 
if iscell(S.subs)
            x = S.subs;
        else
            % ([1;2],[3 4],5) --> {1 ; 2 ; 3 ; 4 ; 5}
            subs = cellfun(@(c) {c(:)},S.subs);
            x = num2cell(vertcat(subs{:}));
        end
{Unable to resolve the name S.subs.
} 
PI_x(p_expr)
{Error using <a href="matlab:matlab.internal.language.introspective.errorDocCallback('sym/subsindex', '/opt/MATLAB/R2019b/toolbox/symbolic/symbolic/@sym/sym.m', 855)" style="font-weight:bold">sym/subsindex</a> (<a href="matlab: opentoline('/opt/MATLAB/R2019b/toolbox/symbolic/symbolic/@sym/sym.m',855,0)">line 855</a>)
Invalid indexing or function definition. Indexing must follow MATLAB indexing. Function arguments must be symbolic variables, and function body must be sym expression.

Error in <a href="matlab:matlab.internal.language.introspective.errorDocCallback('plfr/subsref', '/home/ppolcz/_/7_ftools/ftools/v11/@plfr/subsref.m', 39)" style="font-weight:bold">plfr/subsref</a> (<a href="matlab: opentoline('/home/ppolcz/_/7_ftools/ftools/v11/@plfr/subsref.m',39,0)">line 39</a>)
            builtin('subsref', pLFR, S);
} 
opentoline('/home/ppolcz/_/7_ftools/ftools/v11/@plfr/subsref.m',39,0)
PI_x

PI_x = 

Symbolical value (2-norm err of M = 7.850462e-17):

[               1,                   0,                   0]
[               0,                   1,                   0]
[               0,                   0,                   1]
[               0, -(p1*p2)/(p2^2 - 7),                   0]
[               0,      -p1/(p2^2 - 7),                   0]
[               0,      -p2/(p2^2 - 7),                   0]
[               0,                   0,     p2^2/(p2^2 - 7)]
[               0,                   0,       p2/(p2^2 - 7)]
[  -p2/(p2^2 - 7),                   0,                   0]
[               0,                   0, -(p2*p3)/(p2^2 - 7)]
[ p2^2/(p2^2 - 7),                   0,                   0]
[               0,     p2^2/(p2^2 - 7),                   0]
[               0,                   0,      -p3/(p2^2 - 7)]
 
PLFR object (13 x 3), uncertainty block: (15 x 15)
Dimensions: ny = 13, nu = 3, m1 = 15.
-- 
Uncertainty blocks (globally (15 x 15)):
 Name  Dims  Type   Real/Cplx   Full/Scal   Bounds             Rate Bounds
 p1    2x2   LTI       r           s        [0.97355,1]        [-0.15745,0.15745]
 p2    11x11 LTI       r           s        [0.92106,1]        [-0.4673,0.4673]
 p3    2x2   LTI       r           s        [-0.4673,0.4673]   [-4,4]
Blocks (vars):        p1, p2, p3 (sym)
Function handle args: @(p1,p2,p3)
PI_x(p_expr)

x =

  1×1 <a href="matlab:helpPopup cell" style="font-weight:bold">cell</a> array

    {3×1 sym}

{Error using <a href="matlab:matlab.internal.language.introspective.errorDocCallback('sym/subsindex', '/opt/MATLAB/R2019b/toolbox/symbolic/symbolic/@sym/sym.m', 855)" style="font-weight:bold">sym/subsindex</a> (<a href="matlab: opentoline('/opt/MATLAB/R2019b/toolbox/symbolic/symbolic/@sym/sym.m',855,0)">line 855</a>)
Invalid indexing or function definition. Indexing must follow MATLAB indexing. Function arguments must be symbolic variables, and function body must be sym expression.

Error in <a href="matlab:matlab.internal.language.introspective.errorDocCallback('plfr/subsref', '/home/ppolcz/_/7_ftools/ftools/v11/@plfr/subsref.m', 41)" style="font-weight:bold">plfr/subsref</a> (<a href="matlab: opentoline('/home/ppolcz/_/7_ftools/ftools/v11/@plfr/subsref.m',41,0)">line 41</a>)
            builtin('subsref', pLFR, S);
} 
PI_x(p_expr)

x =

  1×1 <a href="matlab:helpPopup cell" style="font-weight:bold">cell</a> array

    {3×1 sym}


ans =

     3

{Error using <a href="matlab:matlab.internal.language.introspective.errorDocCallback('sym/subsindex', '/opt/MATLAB/R2019b/toolbox/symbolic/symbolic/@sym/sym.m', 855)" style="font-weight:bold">sym/subsindex</a> (<a href="matlab: opentoline('/opt/MATLAB/R2019b/toolbox/symbolic/symbolic/@sym/sym.m',855,0)">line 855</a>)
Invalid indexing or function definition. Indexing must follow MATLAB indexing. Function arguments must be symbolic variables, and function body must be sym expression.

Error in <a href="matlab:matlab.internal.language.introspective.errorDocCallback('plfr/subsref', '/home/ppolcz/_/7_ftools/ftools/v11/@plfr/subsref.m', 43)" style="font-weight:bold">plfr/subsref</a> (<a href="matlab: opentoline('/home/ppolcz/_/7_ftools/ftools/v11/@plfr/subsref.m',43,0)">line 43</a>)
            builtin('subsref', pLFR, S);
} 
PI_x(p_expr)

x =

  1×1 <a href="matlab:helpPopup cell" style="font-weight:bold">cell</a> array

    {3×1 sym}


ans =

     1


ans =

     3

{Error using <a href="matlab:matlab.internal.language.introspective.errorDocCallback('sym/subsindex', '/opt/MATLAB/R2019b/toolbox/symbolic/symbolic/@sym/sym.m', 855)" style="font-weight:bold">sym/subsindex</a> (<a href="matlab: opentoline('/opt/MATLAB/R2019b/toolbox/symbolic/symbolic/@sym/sym.m',855,0)">line 855</a>)
Invalid indexing or function definition. Indexing must follow MATLAB indexing. Function arguments must be symbolic variables, and function body must be sym expression.

Error in <a href="matlab:matlab.internal.language.introspective.errorDocCallback('plfr/subsref', '/home/ppolcz/_/7_ftools/ftools/v11/@plfr/subsref.m', 44)" style="font-weight:bold">plfr/subsref</a> (<a href="matlab: opentoline('/home/ppolcz/_/7_ftools/ftools/v11/@plfr/subsref.m',44,0)">line 44</a>)
            builtin('subsref', pLFR, S);
} 
S.subs = p_expr

S = 

  <a href="matlab:helpPopup struct" style="font-weight:bold">struct</a> with fields:

    subs: [3×1 sym]

subs = cellfun(@(c) {c(:)},S.subs)
{Error using <a href="matlab:matlab.internal.language.introspective.errorDocCallback('cellfun')" style="font-weight:bold">cellfun</a>
Input #2 expected to be a cell array, was sym instead.
} 
subs = cellfun(@(c) {c(:)},S.subs)
{Error using <a href="matlab:matlab.internal.language.introspective.errorDocCallback('cellfun')" style="font-weight:bold">cellfun</a>
Input #2 expected to be a cell array, was sym instead.
} 
PI_x(p_expr)

S = 

  <a href="matlab:helpPopup struct" style="font-weight:bold">struct</a> with fields:

    type: '()'
    subs: {[3×1 sym]}


x =

  1×1 <a href="matlab:helpPopup cell" style="font-weight:bold">cell</a> array

    {3×1 sym}


ans =

     1


ans =

     3

{Error using <a href="matlab:matlab.internal.language.introspective.errorDocCallback('sym/subsindex', '/opt/MATLAB/R2019b/toolbox/symbolic/symbolic/@sym/sym.m', 855)" style="font-weight:bold">sym/subsindex</a> (<a href="matlab: opentoline('/opt/MATLAB/R2019b/toolbox/symbolic/symbolic/@sym/sym.m',855,0)">line 855</a>)
Invalid indexing or function definition. Indexing must follow MATLAB indexing. Function arguments must be symbolic variables, and function body must be sym expression.

Error in <a href="matlab:matlab.internal.language.introspective.errorDocCallback('plfr/subsref', '/home/ppolcz/_/7_ftools/ftools/v11/@plfr/subsref.m', 46)" style="font-weight:bold">plfr/subsref</a> (<a href="matlab: opentoline('/home/ppolcz/_/7_ftools/ftools/v11/@plfr/subsref.m',46,0)">line 46</a>)
            builtin('subsref', pLFR, S);
} 
S.subs = {p_expr}

S = 

  <a href="matlab:helpPopup struct" style="font-weight:bold">struct</a> with fields:

    subs: {[3×1 sym]}

if iscell(S.subs)
            x = S.subs;
        else
            % ([1;2],[3 4],5) --> {1 ; 2 ; 3 ; 4 ; 5}
            subs = cellfun(@(c) {c(:)},S.subs);
            x = num2cell(vertcat(subs{:}));
        end
subs = cellfun(@(c) {c(:)},S.subs)

subs =

  1×1 <a href="matlab:helpPopup cell" style="font-weight:bold">cell</a> array

    {3×1 sym}

subs{:}
 
ans =
 
 sin(x2)/x2
    cos(x2)
 x3*sin(x2)
 
vertcat(subs{:})
 
ans =
 
 sin(x2)/x2
    cos(x2)
 x3*sin(x2)
 
num2cell(vertcat(subs{:}))

ans =

  3×1 <a href="matlab:helpPopup cell" style="font-weight:bold">cell</a> array

    {1×1 sym}
    {1×1 sym}
    {1×1 sym}

PI_x(p_expr)

ans =

  1×1 <a href="matlab:helpPopup cell" style="font-weight:bold">cell</a> array

    {3×1 sym}


x =

  1×1 <a href="matlab:helpPopup cell" style="font-weight:bold">cell</a> array

    {3×1 sym}


ans =

     1


ans =

     3

{Error using <a href="matlab:matlab.internal.language.introspective.errorDocCallback('sym/subsindex', '/opt/MATLAB/R2019b/toolbox/symbolic/symbolic/@sym/sym.m', 855)" style="font-weight:bold">sym/subsindex</a> (<a href="matlab: opentoline('/opt/MATLAB/R2019b/toolbox/symbolic/symbolic/@sym/sym.m',855,0)">line 855</a>)
Invalid indexing or function definition. Indexing must follow MATLAB indexing. Function arguments must be symbolic variables, and function body must be sym expression.

Error in <a href="matlab:matlab.internal.language.introspective.errorDocCallback('plfr/subsref', '/home/ppolcz/_/7_ftools/ftools/v11/@plfr/subsref.m', 46)" style="font-weight:bold">plfr/subsref</a> (<a href="matlab: opentoline('/home/ppolcz/_/7_ftools/ftools/v11/@plfr/subsref.m',46,0)">line 46</a>)
            builtin('subsref', pLFR, S);
} 
PI_x(1,2,3)

ans =

  1×3 <a href="matlab:helpPopup cell" style="font-weight:bold">cell</a> array

    {[1]}    {[2]}    {[3]}


x =

  1×3 <a href="matlab:helpPopup cell" style="font-weight:bold">cell</a> array

    {[1]}    {[2]}    {[3]}


ans =

     3


ans =

     3


ans =

    1.0000         0         0
         0    1.0000         0
         0         0    1.0000
         0    0.6667         0
         0    0.3333         0
         0    0.6667         0
         0         0   -1.3333
         0         0   -0.6667
    0.6667         0         0
         0         0    2.0000
   -1.3333         0         0
         0   -1.3333         0
         0         0    1.0000

PI_x([1,2,3])

ans =

  1×1 <a href="matlab:helpPopup cell" style="font-weight:bold">cell</a> array

    {1×3 double}


x =

  1×1 <a href="matlab:helpPopup cell" style="font-weight:bold">cell</a> array

    {1×3 double}


ans =

     1


